#delta	Selev	th1	th2	elevERR		phiERR		delta	ASelev	ASth1	ASth2	ASelERR		ASphiERR
110	39	50	38	7.844361	2.706931	110	-39	130	142	85.844361	-177.293069
107	23	49	49	11.688578	-4.410890	107	-23	131	131	57.688578	175.589110
36	19	42	75	27.788818	11.519704	36	-19	138	105	65.788818	-168.480296
101	6	49	103	30.975651	-23.908491	101	-6	131	77	42.975651	156.091509
134	10	65	102	-1.854677	-91.547194	134	-10	115	78	18.145323	88.452806
136	15	38	40	4.744432	8.476903	136	-15	142	140	34.744432	-171.523097
129	13	102	49	6.704970	37.785875	129	-13	78	131	32.704970	-142.214125
139	54	72	83	10.375700	7.213163	139	-54	108	97	118.375700	-172.786837
40	51	81	98	-0.787281	29.658624	40	-51	99	82	101.212719	-150.341376
130	23	43	107	-1.872666	-22.789639	130	-23	137	73	44.127334	157.210361
128	11	45	95	6.695710	-29.774206	128	-11	135	85	28.695710	150.225794
74	36	96	68	20.255265	-18.624696	74	-36	84	112	92.255265	161.375304
105	24	79	84	8.872852	-21.475341	105	-24	101	96	56.872852	158.524659
136	35	67	69	8.938185	39.009732	136	-35	113	111	78.938185	-140.990268
80	41	36	37	6.120093	4.835404	80	-41	144	143	88.120093	-175.164596
65	55	73	66	2.021920	-2.040832	65	-55	107	114	112.021920	177.959168
95	23	55	38	9.416547	11.042781	95	-23	125	142	55.416547	-168.957219
101	8	35	46	2.915383	6.882122	101	-8	145	134	18.915383	-173.117878
130	39	70	97	8.414294	6.728023	130	-39	110	83	86.414294	-173.271977
84	45	76	70	11.729016	-5.782316	84	-45	104	110	101.729016	174.217684
126	9	40	71	6.749326	-6.752726	126	-9	140	109	24.749326	173.247274
115	51	40	71	1.617647	4.867920	115	-51	140	109	103.617647	-175.132080
72	40	83	81	12.226965	-21.827583	72	-40	97	99	92.226965	158.172417
55	25	55	37	13.076795	2.868848	55	-25	125	143	63.076795	-177.131152
135	8	72	96	11.857940	-14.605925	135	-8	108	84	27.857940	165.394075
77	9	108	107	29.836784	12.328416	77	-9	72	73	47.836784	-167.671584
139	35	100	37	-0.416346	15.992534	139	-35	80	143	69.583654	-164.007466
140	36	49	41	8.162448	0.773550	140	-36	131	139	80.162448	-179.226450
134	46	55	37	-3.208476	18.911179	134	-46	125	143	88.791524	-161.088821
85	54	70	74	1.614541	-16.065010	85	-54	110	106	109.614541	163.934990
75	37	115	77	5.944686	-5.725300	75	-37	65	103	79.944686	174.274700
110	54	100	73	12.058071	-31.903983	110	-54	80	107	120.058071	148.096017
78	10	95	43	23.546777	3.359353	78	-10	85	137	43.546777	-176.640647
77	18	66	111	-2.325802	168.262858	77	-18	114	69	33.674198	-11.737142
138	24	105	98	4.541322	-65.105815	138	-24	75	82	52.541322	114.894185
67	44	103	71	4.913694	13.995891	67	-44	77	109	92.913694	-166.004109
45	38	102	105	9.532818	18.810805	45	-38	78	75	85.532818	-161.189195
96	6	95	68	15.044385	0.759645	96	-6	85	112	27.044385	-179.240355
134	23	113	99	13.300482	-38.750659	134	-23	67	81	59.300482	141.249341
47	39	108	49	2.661994	11.338089	47	-39	72	131	80.661994	-168.661911
47	49	38	42	10.195370	-8.591636	47	-49	142	138	108.195370	171.408364
51	38	102	102	15.090751	-28.996352	51	-38	78	78	91.090751	151.003648
36	48	47	38	7.987350	3.875724	36	-48	133	142	103.987350	-176.124276
137	23	76	46	2.522896	-128.546625	137	-23	104	134	48.522896	51.453375
66	7	46	53	5.784747	2.875271	66	-7	134	127	19.784747	-177.124729
106	25	95	105	2.577544	-42.825620	106	-25	85	75	52.577544	137.174380
111	20	42	76	8.897745	-20.857184	111	-20	138	104	48.897745	159.142816
44	38	70	85	4.056087	0.779402	44	-38	110	95	80.056087	-179.220598
51	9	100	96	3.110854	-169.007907	51	-9	80	84	21.110854	10.992093
65	8	72	79	9.607783	4.951609	65	-8	108	101	25.607783	-175.048391
144	9	54	51	2.126794	0.527787	144	-9	126	129	20.126794	-179.472213
135	17	44	70	7.130565	-19.081334	135	-17	136	110	41.130565	160.918666
85	42	50	111	-7.844793	14.462743	85	-42	130	69	76.155207	-165.537257
52	54	102	80	-15.459567	-22.628767	52	-54	78	100	92.540433	157.371233
49	38	73	49	-0.699940	5.736618	49	-38	107	131	75.300060	-174.263382
134	53	78	40	-8.439453	24.098130	134	-53	102	140	97.560547	-155.901870
52	12	95	69	-11.076400	176.076630	52	-12	85	111	12.923600	-3.923370
74	16	35	48	3.085282	1.230507	74	-16	145	132	35.085282	-178.769493
106	15	106	35	-0.567131	-0.477767	106	-15	74	145	29.432869	179.522233
126	10	110	101	18.984343	-3.193631	126	-10	70	79	38.984343	176.806369
52	9	73	54	15.650025	-0.033129	52	-9	107	126	33.650025	179.966871
125	49	81	96	10.927275	35.962605	125	-49	99	84	108.927275	-144.037395
49	47	81	43	-5.237463	-3.533936	49	-47	99	137	88.762537	176.466064
38	49	96	97	-8.679977	16.534576	38	-49	84	83	89.320023	-163.465424
66	40	96	107	27.597543	-38.123863	66	-40	84	73	107.597543	141.876137
85	23	113	38	1.437776	-16.246608	85	-23	67	142	47.437776	163.753392
70	22	40	48	1.536438	-0.356744	70	-22	140	132	45.536438	179.643256
42	25	83	98	7.763023	2.534259	42	-25	97	82	57.763023	-177.465741
95	20	78	41	9.470919	3.636274	95	-20	102	139	49.470919	-176.363726
114	51	83	79	-5.567134	61.764199	114	-51	97	101	96.432866	-118.235801
140	38	67	80	-5.668106	56.079742	140	-38	113	100	70.331894	-123.920258
125	37	95	71	1.719078	53.020616	125	-37	85	109	75.719078	-126.979384
126	55	49	49	-7.008501	13.187112	126	-55	131	131	102.991499	-166.812888
142	17	71	75	7.553581	19.474064	142	-17	109	105	41.553581	-160.525936
67	24	42	66	2.475079	1.571284	67	-24	138	114	50.475079	-178.428716
130	38	98	97	4.204871	52.843367	130	-38	82	83	80.204871	-127.156633
81	43	107	97	9.611345	1.636308	81	-43	73	83	95.611345	-178.363692
112	43	111	79	3.053896	32.404939	112	-43	69	101	89.053896	-147.595061
73	37	55	46	5.283080	-7.608720	73	-37	125	134	79.283080	172.391280
125	17	75	73	13.099460	-27.660951	125	-17	105	107	47.099460	152.339049
136	50	108	40	-0.109337	-15.041154	136	-50	72	140	99.890663	164.958846
81	44	36	79	-5.162461	16.532321	81	-44	144	101	82.837539	-163.467679
138	37	43	67	6.284335	-19.782241	138	-37	137	113	80.284335	160.217759
77	52	96	106	-3.006887	-24.464472	77	-52	84	74	100.993113	155.535528
129	12	50	40	1.471487	-8.173817	129	-12	130	140	25.471487	171.826183
69	43	78	37	0.077847	-10.906257	69	-43	102	143	86.077847	169.093743
98	23	112	97	10.642163	-7.306425	98	-23	68	83	56.642163	172.693575
77	17	106	105	5.330326	-31.064831	77	-17	74	75	39.330326	148.935169
136	17	66	69	2.084465	33.639297	136	-17	114	111	36.084465	-146.360703
132	20	39	44	1.342400	3.473193	132	-20	141	136	41.342400	-176.526807
82	6	111	55	28.971484	25.198292	82	-6	69	125	40.971484	-154.801708
75	46	45	73	3.393009	13.600442	75	-46	135	107	95.393009	-166.399558
103	43	70	100	7.886203	-5.291387	103	-43	110	80	93.886203	174.708613
36	13	43	108	-4.184490	-163.190850	36	-13	137	72	21.815510	16.809150
40	35	72	97	2.901984	14.434667	40	-35	108	83	72.901984	-165.565333
130	35	99	102	16.589283	33.459141	130	-35	81	78	86.589283	-146.540859
112	54	111	52	1.045047	-22.023171	112	-54	69	128	109.045047	157.976829
68	14	71	44	16.737404	-1.849520	68	-14	109	136	44.737404	178.150480
40	16	78	110	-12.065792	-175.955217	40	-16	102	70	19.934208	4.044783
111	17	106	96	17.226836	48.894438	111	-17	74	84	51.226836	-131.105562
48	14	100	108	12.142274	23.292206	48	-14	80	72	40.142274	-156.707794
35	43	84	65	4.589700	23.301110	35	-43	96	115	90.589700	-156.698890
131	37	97	80	-0.264474	25.365480	131	-37	83	100	73.735526	-154.634520
42	21	49	70	17.360611	2.641137	42	-21	131	110	59.360611	-177.358863
136	18	69	81	11.232991	45.549895	136	-18	111	99	47.232991	-134.450105
95	14	51	49	3.611358	-4.425231	95	-14	129	131	31.611358	175.574769
108	12	108	66	14.478727	14.317107	108	-12	72	114	38.478727	-165.682893
84	15	42	50	4.053100	-5.926548	84	-15	138	130	34.053100	174.073452
66	40	54	48	8.039337	-0.915264	66	-40	126	132	88.039337	179.084736
131	17	99	51	4.372335	14.661471	131	-17	81	129	38.372335	-165.338529
115	52	41	41	-0.558750	11.950013	115	-52	139	139	103.441250	-168.049987
76	17	46	51	5.561082	0.793319	76	-17	134	129	39.561082	-179.206681
114	19	72	67	11.531746	5.602740	114	-19	108	113	49.531746	-174.397260
44	9	74	70	13.432456	-7.594017	44	-9	106	110	31.432456	172.405983
67	41	43	36	0.533679	3.095688	67	-41	137	144	82.533679	-176.904312
125	35	96	97	-3.273009	-58.708616	125	-35	84	83	66.726991	121.291384
50	15	104	55	6.742305	-164.203850	50	-15	76	125	36.742305	15.796150
53	40	111	48	2.744504	11.378522	53	-40	69	132	82.744504	-168.621478
52	20	36	95	-3.396461	-0.237287	52	-20	144	85	36.603539	179.762713
96	44	98	106	6.793097	7.037965	96	-44	82	74	94.793097	-172.962035
66	22	113	41	22.817550	5.845733	66	-22	67	139	66.817550	-174.154267
78	13	83	80	16.979712	10.028199	78	-13	97	100	42.979712	-169.971801
41	52	54	67	11.619925	-13.034201	41	-52	126	113	115.619925	166.965799
69	35	44	46	4.526594	3.895046	69	-35	136	134	74.526594	-176.104954
52	6	73	77	12.457031	10.335406	52	-6	107	103	24.457031	-169.664594
55	5	39	37	4.640616	1.659961	55	-5	141	143	14.640616	-178.340039
126	40	96	101	6.532865	-22.979356	126	-40	84	79	86.532865	157.020644
66	16	69	108	25.542287	-17.537763	66	-16	111	72	57.542287	162.462237
140	8	66	73	3.560338	3.131795	140	-8	114	107	19.560338	-176.868205
102	43	53	36	-2.746404	-0.140938	102	-43	127	144	83.253596	179.859062
105	47	105	71	7.365147	5.551883	105	-47	75	109	101.365147	-174.448117
51	35	49	37	0.156180	1.685372	51	-35	131	143	70.156180	-178.314628
101	54	55	35	2.935248	-3.595477	101	-54	125	145	110.935248	176.404523
140	6	100	112	12.572548	5.552434	140	-6	80	68	24.572548	-174.447566
114	36	73	81	-0.910543	-17.448039	114	-36	107	99	71.089457	162.551961
101	15	108	108	27.265599	3.111031	101	-15	72	72	57.265599	-176.888969
50	55	65	78	9.402091	-25.380552	50	-55	115	102	119.402091	154.619448
108	51	35	71	-0.215867	9.982394	108	-51	145	109	101.784133	-170.017606
95	44	81	84	1.101566	15.674700	95	-44	99	96	89.101566	-164.325300
109	49	80	71	6.461556	-29.231611	109	-49	100	109	104.461556	150.768389
72	43	95	96	-11.700477	6.889029	72	-43	85	84	74.299523	-173.110971
55	6	97	77	35.750929	11.361298	55	-6	83	103	47.750929	-168.638702
126	50	98	36	-3.768561	-6.867386	126	-50	82	144	96.231439	173.132614
135	19	114	74	4.518193	17.809894	135	-19	66	106	42.518193	-162.190106
69	6	74	115	19.036698	176.070958	69	-6	106	65	31.036698	-3.929042
71	13	111	114	31.379347	32.764806	71	-13	69	66	57.379347	-147.235194
114	48	102	41	0.846441	10.029077	114	-48	78	139	96.846441	-169.970923
48	18	105	108	27.860702	6.794170	48	-18	75	72	63.860702	-173.205830
76	23	50	76	2.570177	7.009019	76	-23	130	104	48.570177	-172.990981
54	49	77	66	7.403586	-3.634518	54	-49	103	114	105.403586	176.365482
126	22	101	111	13.175832	18.863208	126	-22	79	69	57.175832	-161.136792
98	39	114	100	-7.359640	-40.804117	98	-39	66	80	70.640360	139.195883
50	15	97	113	-6.831883	178.568563	50	-15	83	67	23.168117	-1.431437
68	22	79	108	7.286851	-14.630262	68	-22	101	72	51.286851	165.369738
129	41	84	50	-0.931236	-21.995253	129	-41	96	130	81.068764	158.004747
100	53	95	96	0.942878	-26.600686	100	-53	85	84	106.942878	153.399314
130	40	98	95	3.883462	-7.751803	130	-40	82	85	83.883462	172.248197
79	6	48	79	9.261335	-0.856444	79	-6	132	101	21.261335	179.143556
54	20	111	78	17.177442	13.084435	54	-20	69	102	57.177442	-166.915565
84	25	46	79	0.782019	-1.545669	84	-25	134	101	50.782019	178.454331
53	8	55	75	9.519217	-1.860494	53	-8	125	105	25.519217	178.139506
126	53	50	38	4.820027	-5.224366	126	-53	130	142	110.820027	174.775634
98	38	35	73	0.675337	9.955252	98	-38	145	107	76.675337	-170.044748
129	20	65	111	30.933433	58.910629	129	-20	115	69	70.933433	-121.089371
101	35	48	36	3.976407	-4.777251	101	-35	132	144	73.976407	175.222749
40	41	45	110	4.468239	-4.871967	40	-41	135	70	86.468239	175.128033
108	20	81	74	4.246886	-1.790058	108	-20	99	106	44.246886	178.209942
44	9	42	38	1.512611	-0.713295	44	-9	138	142	19.512611	179.286705
138	43	36	66	-27.374426	-21.590881	138	-43	144	114	58.625574	158.409119
125	47	43	39	5.778242	-10.654746	125	-47	137	141	99.778242	169.345254
44	37	108	112	9.006462	-3.915760	44	-37	72	68	83.006462	176.084240
42	25	41	98	4.341140	26.277427	42	-25	139	82	54.341140	-153.722573
98	35	109	101	5.650764	-9.720702	98	-35	71	79	75.650764	170.279298
40	21	47	96	-1.908182	8.607944	40	-21	133	84	40.091818	-171.392056
35	50	41	52	-0.006554	7.050188	35	-50	139	128	99.993446	-172.949812
106	10	80	78	17.849706	19.628607	106	-10	100	102	37.849706	-160.371393
141	42	38	85	7.149765	72.521986	141	-42	142	95	91.149765	-107.478014
129	40	76	104	-1.644549	-58.422918	129	-40	104	76	78.355451	121.577082
48	17	114	115	18.586333	-0.165210	48	-17	66	65	52.586333	179.834790
43	55	38	47	-4.121992	-4.523302	43	-55	142	133	105.878008	175.476698
73	15	110	107	32.526270	41.317897	73	-15	70	73	62.526270	-138.682103
54	43	78	40	1.957277	0.729168	54	-43	102	140	87.957277	-179.270832
50	8	45	53	12.165492	-2.365817	50	-8	135	127	28.165492	177.634183
68	51	53	102	1.403148	-1.380342	68	-51	127	78	103.403148	178.619658
127	49	78	79	-3.071167	49.812322	127	-49	102	101	94.928833	-130.187678
105	19	53	41	-0.357770	-0.206158	105	-19	127	139	37.642230	179.793842
49	10	68	83	20.086050	-4.214398	49	-10	112	97	40.086050	175.785602
69	41	38	97	-0.045253	-9.538241	69	-41	142	83	81.954747	170.461759
76	22	76	67	9.398370	2.968978	76	-22	104	113	53.398370	-177.031022
98	17	35	100	11.404221	-29.817266	98	-17	145	80	45.404221	150.182734
95	10	78	41	11.941493	13.247118	95	-10	102	139	31.941493	-166.752882
82	20	80	66	17.337671	16.082329	82	-20	100	114	57.337671	-163.917671
84	35	85	83	-1.150623	12.657371	84	-35	95	97	68.849377	-167.342629
105	18	109	65	16.089127	27.191922	105	-18	71	115	52.089127	-152.808078
113	39	43	71	-4.893186	15.639829	113	-39	137	109	73.106814	-164.360171
50	45	49	70	5.217476	-10.424212	50	-45	131	110	95.217476	169.575788
101	16	110	106	17.039687	-11.396647	101	-16	70	74	49.039687	168.603353
54	13	48	69	13.264509	-0.490250	54	-13	132	111	39.264509	179.509750
50	5	79	69	15.704220	13.244858	50	-5	101	111	25.704220	-166.755142
49	10	38	36	4.974089	1.930752	49	-10	142	144	24.974089	-178.069248
36	38	76	95	3.579205	-12.379807	36	-38	104	85	79.579205	167.620193
36	52	105	75	3.001317	-15.945299	36	-52	75	105	107.001317	164.054701
35	22	75	85	15.082544	2.407454	35	-22	105	95	59.082544	-177.592546
97	46	55	77	-3.608008	-5.046062	97	-46	125	103	88.391992	174.953938
80	43	109	102	2.682116	9.098819	80	-43	71	78	88.682116	-170.901181
112	19	112	68	2.323726	32.009855	112	-19	68	112	40.323726	-147.990145
103	54	97	44	-4.815426	4.444727	103	-54	83	136	103.184574	-175.555273
81	36	110	41	0.942809	-7.090147	81	-36	70	139	72.942809	172.909853
75	46	84	95	-10.038084	-12.695040	75	-46	96	85	81.961916	167.304960
83	16	99	111	20.223290	2.103492	83	-16	81	69	52.223290	-177.896508
111	12	51	70	5.055811	-15.443921	111	-12	129	110	29.055811	164.556079
79	9	78	75	7.807370	5.249752	79	-9	102	105	25.807370	-174.750248
66	50	110	43	-5.880253	24.056481	66	-50	70	137	94.119747	-155.943519
140	9	68	106	10.504815	-41.166860	140	-9	112	74	28.504815	138.833140
128	45	69	80	-5.779184	-32.109318	128	-45	111	100	84.220816	147.890682
96	42	102	36	-4.922492	11.997723	96	-42	78	144	79.077508	-168.002277
48	40	77	81	7.873152	21.127358	48	-40	103	99	87.873152	-158.872642
135	36	101	43	-11.505939	34.182215	135	-36	79	137	60.494061	-145.817785
96	9	84	111	-3.253697	166.900196	96	-9	96	69	14.746303	-13.099804
49	46	113	96	3.778634	11.117109	49	-46	67	84	95.778634	-168.882891
132	20	37	37	2.286904	8.144429	132	-20	143	143	42.286904	-171.855571
47	49	40	106	-2.915507	-30.235408	47	-49	140	74	95.084493	149.764592
96	16	98	37	15.119709	7.717209	96	-16	82	143	47.119709	-172.282791
71	43	112	66	-14.259829	-18.679910	71	-43	68	114	71.740171	161.320090
145	21	78	51	-1.992398	26.962956	145	-21	102	129	40.007602	-153.037044
125	38	113	50	1.840935	2.931945	125	-38	67	130	77.840935	-177.068055
133	15	38	97	2.645514	-19.923754	133	-15	142	83	32.645514	160.076246
127	14	39	82	1.430774	-13.290954	127	-14	141	98	29.430774	166.709046
68	15	70	97	5.676969	0.355439	68	-15	110	83	35.676969	-179.644561
70	24	113	41	-0.989494	5.794410	70	-24	67	139	47.010506	-174.205590
108	13	71	54	2.305998	5.617834	108	-13	109	126	28.305998	-174.382166
50	43	54	110	-1.412499	-5.019888	50	-43	126	70	84.587501	174.980112
79	54	66	52	2.125603	11.266859	79	-54	114	128	110.125603	-168.733141
100	11	46	96	3.137356	-19.684794	100	-11	134	84	25.137356	160.315206
108	47	76	77	0.038023	50.305533	108	-47	104	103	94.038023	-129.694467
114	18	85	80	3.990032	-16.732653	114	-18	95	100	39.990032	163.267347
99	38	96	111	22.217396	40.710077	99	-38	84	69	98.217396	-139.289923
113	37	97	79	9.989863	-45.427324	113	-37	83	101	83.989863	134.572676
102	42	37	113	0.222976	10.002131	102	-42	143	67	84.222976	-169.997869
82	50	85	43	-1.849599	-2.142371	82	-50	95	137	98.150401	177.857629
