#delta	Selev	th1	th2	elevERR		phiERR		delta	ASelev	ASth1	ASth2	ASelERR		ASphiERR
85	23	113	38	4.403855	-5.066399	85	-23	67	142	50.403855	174.933601
114	48	102	41	6.373819	17.455727	114	-48	78	139	102.373819	-162.544273
73	15	110	107	23.331599	7.566835	73	-15	70	73	53.331599	-172.433165
101	8	35	46	1.823466	-0.063326	101	-8	145	134	17.823466	179.936674
102	42	37	113	-1.488744	-3.167904	102	-42	143	67	82.511256	176.832096
83	16	99	111	16.349913	-0.269868	83	-16	81	69	48.349913	179.730132
129	20	65	111	-11.032010	154.925532	129	-20	115	69	28.967990	-25.074468
140	8	66	73	6.239199	4.431713	140	-8	114	107	22.239199	-175.568287
126	22	101	111	10.692886	-2.513694	126	-22	79	69	54.692886	177.486306
129	12	50	40	3.355035	-0.174794	129	-12	130	140	27.355035	179.825206
125	47	43	39	-2.833844	1.432695	125	-47	137	141	91.166156	-178.567305
98	23	112	97	17.060179	-9.488808	98	-23	68	83	63.060179	170.511192
105	19	53	41	1.074791	-2.056895	105	-19	127	139	39.074791	177.943105
81	43	107	97	-3.922056	-8.168078	81	-43	73	83	82.077944	171.831922
127	14	39	82	3.644660	-66.480828	127	-14	141	98	31.644660	113.519172
81	44	36	79	-0.771853	10.909777	81	-44	144	101	87.228147	-169.090223
129	40	76	104	3.698655	52.244192	129	-40	104	76	83.698655	-127.755808
136	15	38	40	0.460770	0.774429	136	-15	142	140	30.460770	-179.225571
126	10	110	101	17.074118	7.403760	126	-10	70	79	37.074118	-172.596240
138	37	43	67	2.797832	-1.833093	138	-37	137	113	76.797832	178.166907
68	51	53	102	4.061293	3.859940	68	-51	127	78	106.061293	-176.140060
66	7	46	53	3.651314	1.431775	66	-7	134	127	17.651314	-178.568225
125	49	81	96	-2.736162	20.644653	125	-49	99	84	95.263838	-159.355347
134	53	78	40	-33.004041	-151.537201	134	-53	102	140	72.995959	28.462799
102	43	53	36	-1.263558	0.432082	102	-43	127	144	84.736442	-179.567918
75	46	84	95	0.336843	11.482070	75	-46	96	85	92.336843	-168.517930
48	17	114	115	0.629982	-20.810762	48	-17	66	65	34.629982	159.189238
80	43	109	102	-11.808549	-16.911404	80	-43	71	78	74.191451	163.088596
136	50	108	40	-44.274461	-167.445733	136	-50	72	140	55.725539	12.554267
130	35	99	102	6.172585	-16.696844	130	-35	81	78	76.172585	163.303156
101	16	110	106	17.332899	-10.288207	101	-16	70	74	49.332899	169.711793
45	38	102	105	2.184078	4.423823	45	-38	78	75	78.184078	-175.576177
67	24	42	66	-0.137973	1.521113	67	-24	138	114	47.862027	-178.478887
75	46	45	73	3.690768	-5.336387	75	-46	135	107	95.690768	174.663613
138	24	105	98	12.090367	-0.250870	138	-24	75	82	60.090367	179.749130
111	12	51	70	4.782731	-9.793020	111	-12	129	110	28.782731	170.206980
128	45	69	80	-0.157994	-21.143121	128	-45	111	100	89.842006	158.856879
140	38	67	80	2.173379	-5.822585	140	-38	113	100	78.173379	174.177415
44	9	74	70	10.503829	-8.610957	44	-9	106	110	28.503829	171.389043
126	40	96	101	-3.856374	-7.501706	126	-40	84	79	76.143626	172.498294
107	23	49	49	2.354728	6.425999	107	-23	131	131	48.354728	-173.574001
51	35	49	37	2.317139	1.671374	51	-35	131	143	72.317139	-178.328626
132	20	39	44	0.933290	2.123442	132	-20	141	136	40.933290	-177.876558
114	36	73	81	4.242727	10.691767	114	-36	107	99	76.242727	-169.308233
71	43	112	66	-5.125736	-17.528501	71	-43	68	114	80.874264	162.471499
69	43	78	37	0.589672	-1.371015	69	-43	102	143	86.589672	178.628985
140	9	68	106	11.152109	-4.668070	140	-9	112	74	29.152109	175.331930
51	38	102	102	-1.312022	-17.519692	51	-38	78	78	74.687978	162.480308
100	11	46	96	7.094671	161.406540	100	-11	134	84	29.094671	-18.593460
111	20	42	76	11.544012	-17.962699	111	-20	138	104	51.544012	162.037301
140	6	100	112	-2.018120	-165.050381	140	-6	80	68	9.981880	14.949619
50	5	79	69	0.423961	2.711240	50	-5	101	111	10.423961	-177.288760
75	37	115	77	9.600094	-6.618524	75	-37	65	103	83.600094	173.381476
106	10	80	78	-1.396115	173.678357	106	-10	100	102	18.603885	-6.321643
48	40	77	81	7.724244	15.226467	48	-40	103	99	87.724244	-164.773533
65	8	72	79	8.156339	4.646314	65	-8	108	101	24.156339	-175.353686
50	15	97	113	7.903811	21.451734	50	-15	83	67	37.903811	-158.548266
53	8	55	75	-0.149576	3.644533	53	-8	125	105	15.850424	-176.355467
40	21	47	96	3.600279	9.011125	40	-21	133	84	45.600279	-170.988875
135	17	44	70	3.814445	-5.168186	135	-17	136	110	37.814445	174.831814
137	23	76	46	2.386939	16.142348	137	-23	104	134	48.386939	-163.857652
130	23	43	107	-8.080718	151.690762	130	-23	137	73	37.919282	-28.309238
138	43	36	66	7.104045	-1.927554	138	-43	144	114	93.104045	178.072446
135	8	72	96	10.332753	-39.114300	135	-8	108	84	26.332753	140.885700
101	15	108	108	10.023619	5.830119	101	-15	72	72	40.023619	-174.169881
72	43	95	96	-0.406544	-10.370388	72	-43	85	84	85.593456	169.629612
76	22	76	67	14.765700	2.090079	76	-22	104	113	58.765700	-177.909921
53	40	111	48	5.473183	1.460809	53	-40	69	132	85.473183	-178.539191
134	23	113	99	3.520757	46.046061	134	-23	67	81	49.520757	-133.953939
69	41	38	97	9.405786	-7.578840	69	-41	142	83	91.405786	172.421160
130	38	98	97	2.930498	36.223217	130	-38	82	83	78.930498	-143.776783
66	50	110	43	-3.435579	-34.562500	66	-50	70	137	96.564421	145.437500
131	37	97	80	-1.221037	42.734731	131	-37	83	100	72.778963	-137.265269
100	53	95	96	-15.677582	15.879408	100	-53	85	84	90.322418	-164.120592
47	49	38	42	2.468004	5.697036	47	-49	142	138	100.468004	-174.302964
96	16	98	37	5.047298	2.324372	96	-16	82	143	37.047298	-177.675628
144	9	54	51	4.260964	2.553241	144	-9	126	129	22.260964	-177.446759
70	22	40	48	2.964144	2.409330	70	-22	140	132	46.964144	-177.590670
112	54	111	52	1.884849	9.140639	112	-54	69	128	109.884849	-170.859361
77	52	96	106	-3.224732	2.118970	77	-52	84	74	100.775268	-177.881030
70	24	113	41	3.228309	-2.005025	70	-24	67	139	51.228309	177.994975
71	13	111	114	18.111838	17.031400	71	-13	69	66	44.111838	-162.968600
82	50	85	43	-7.512342	-17.123090	82	-50	95	137	92.487658	162.876910
51	9	100	96	-4.112711	-172.712639	51	-9	80	84	13.887289	7.287361
101	35	48	36	2.078895	-0.460801	101	-35	132	144	72.078895	179.539199
35	22	75	85	7.713181	-10.905021	35	-22	105	95	51.713181	169.094979
66	40	96	107	10.253512	-17.426584	66	-40	84	73	90.253512	162.573416
127	49	78	79	-0.065525	1.032182	127	-49	102	101	97.934475	-178.967818
69	35	44	46	3.744391	7.113846	69	-35	136	134	73.744391	-172.886154
131	17	99	51	8.663942	6.494014	131	-17	81	129	42.663942	-173.505986
36	19	42	75	19.495419	6.119221	36	-19	138	105	57.495419	-173.880779
42	25	83	98	7.968533	3.483990	42	-25	97	82	57.968533	-176.516010
142	17	71	75	8.388852	6.086074	142	-17	109	105	42.388852	-173.913926
50	45	49	70	5.789255	-1.033631	50	-45	131	110	95.789255	178.966369
95	20	78	41	8.464259	4.958071	95	-20	102	139	48.464259	-175.041929
76	17	46	51	5.604394	2.479359	76	-17	134	129	39.604394	-177.520641
44	9	42	38	2.742689	0.784477	44	-9	138	142	20.742689	-179.215523
106	25	95	105	5.311911	-2.631534	106	-25	85	75	55.311911	177.368466
66	22	113	41	14.589539	5.206228	66	-22	67	139	58.589539	-174.793772
105	47	105	71	1.413708	12.573081	105	-47	75	109	95.413708	-167.426919
82	20	80	66	8.219642	8.108494	82	-20	100	114	48.219642	-171.891506
126	55	49	49	0.756928	-4.749124	126	-55	131	131	110.756928	175.250876
103	54	97	44	-2.247774	-5.341205	103	-54	83	136	105.752226	174.658795
135	19	114	74	7.333084	34.814760	135	-19	66	106	45.333084	-145.185240
40	16	78	110	12.407482	1.500576	40	-16	102	70	44.407482	-178.499424
111	17	106	96	20.197919	19.032289	111	-17	74	84	54.197919	-160.967711
134	10	65	102	3.067834	-33.757621	134	-10	115	78	23.067834	146.242379
134	46	55	37	1.537548	-5.466090	134	-46	125	143	93.537548	174.533910
47	49	40	106	-1.313015	11.013140	47	-49	140	74	96.686985	-168.986860
103	43	70	100	-10.412427	2.961375	103	-43	110	80	75.587573	-177.038625
69	6	74	115	7.984974	6.445034	69	-6	106	65	19.984974	-173.554966
129	13	102	49	5.900884	6.877182	129	-13	78	131	31.900884	-173.122818
77	17	106	105	13.843145	-9.225469	77	-17	74	75	47.843145	170.774531
81	36	110	41	3.399115	5.893523	81	-36	70	139	75.399115	-174.106477
125	38	113	50	2.177178	5.721035	125	-38	67	130	78.177178	-174.278965
105	24	79	84	3.521881	3.792151	105	-24	101	96	51.521881	-176.207849
55	25	55	37	1.803646	2.466081	55	-25	125	143	51.803646	-177.533919
40	41	45	110	5.341709	-11.999619	40	-41	135	70	87.341709	168.000381
67	41	43	36	1.691325	-3.631830	67	-41	137	144	83.691325	176.368170
112	19	112	68	7.518262	11.064162	112	-19	68	112	45.518262	-168.935838
52	54	102	80	-8.809137	-11.131732	52	-54	78	100	99.190863	168.868268
73	37	55	46	0.979144	-4.402446	73	-37	125	134	74.979144	175.597554
49	47	81	43	-8.746907	-0.970812	49	-47	99	137	85.253093	179.029188
84	45	76	70	-0.097570	11.999995	84	-45	104	110	89.902430	-168.000005
128	11	45	95	2.834520	-9.283526	128	-11	135	85	24.834520	170.716474
108	12	108	66	15.110772	5.639592	108	-12	72	114	39.110772	-174.360408
48	14	100	108	8.983470	7.584503	48	-14	80	72	36.983470	-172.415497
79	54	66	52	0.116829	8.177373	79	-54	114	128	108.116829	-171.822627
76	23	50	76	1.588764	4.588664	76	-23	130	104	47.588764	-175.411336
50	55	65	78	-11.651960	12.368155	50	-55	115	102	98.348040	-167.631845
98	39	114	100	8.404590	-19.872804	98	-39	66	80	86.404590	160.127196
42	21	49	70	11.581518	3.323318	42	-21	131	110	53.581518	-176.676682
52	6	73	77	10.514081	-8.379629	52	-6	107	103	22.514081	171.620371
114	18	85	80	7.024333	-1.768862	114	-18	95	100	43.024333	178.231138
114	51	83	79	-20.468254	5.824881	114	-51	97	101	81.531746	-174.175119
95	14	51	49	1.772738	-5.692091	95	-14	129	131	29.772738	174.307909
72	40	83	81	-4.510471	-14.064241	72	-40	97	99	75.489529	165.935759
125	37	95	71	3.673075	-5.119559	125	-37	85	109	77.673075	174.880441
136	35	67	69	5.609222	-3.070753	136	-35	113	111	75.609222	176.929247
99	38	96	111	5.972828	15.106083	99	-38	84	69	81.972828	-164.893917
126	50	98	36	2.044070	-9.522672	126	-50	82	144	102.044070	170.477328
36	52	105	75	-19.258567	-2.910205	36	-52	75	105	84.741433	177.089795
50	15	104	55	9.299891	4.969555	50	-15	76	125	39.299891	-175.030445
55	5	39	37	3.438068	0.422411	55	-5	141	143	13.438068	-179.577589
106	15	106	35	0.511464	-1.859074	106	-15	74	145	30.511464	178.140926
78	10	95	43	17.445766	7.782926	78	-10	85	137	37.445766	-172.217074
84	15	42	50	2.586125	-0.664063	84	-15	138	130	32.586125	179.335937
41	52	54	67	0.443646	-4.028733	41	-52	126	113	104.443646	175.971267
141	42	38	85	-0.568617	1.611969	141	-42	142	95	83.431383	-178.388031
77	18	66	111	4.631392	5.578125	77	-18	114	69	40.631392	-174.421875
36	48	47	38	3.334118	5.542495	36	-48	133	142	99.334118	-174.457505
68	15	70	97	9.108931	16.045160	68	-15	110	83	39.108931	-163.954840
38	49	96	97	-12.580853	8.045502	38	-49	84	83	85.419147	-171.954498
77	9	108	107	9.510282	5.988345	77	-9	72	73	27.510282	-174.011655
95	10	78	41	7.815520	10.687416	95	-10	102	139	27.815520	-169.312584
98	17	35	100	5.426340	-11.867560	98	-17	145	80	39.426340	168.132440
95	44	81	84	-18.202763	5.178881	95	-44	99	96	69.797237	-174.821119
52	12	95	69	-2.867829	177.513144	52	-12	85	111	21.132171	-2.486856
125	35	96	97	6.417866	4.840849	125	-35	84	83	76.417866	-175.159151
79	6	48	79	7.670243	0.711423	79	-6	132	101	19.670243	-179.288577
126	53	50	38	8.871567	-2.819765	126	-53	130	142	114.871567	177.180235
68	22	79	108	1.295416	-13.628442	68	-22	101	72	45.295416	166.371558
55	6	97	77	-3.433680	-178.873421	55	-6	83	103	8.566320	1.126579
82	6	111	55	19.045914	20.648574	82	-6	69	125	31.045914	-159.351426
108	51	35	71	-1.189376	-2.638435	108	-51	145	109	100.810624	177.361565
50	8	45	53	4.037894	1.639637	50	-8	135	127	20.037894	-178.360363
133	15	38	97	3.035395	-1.563232	133	-15	142	83	33.035395	178.436768
108	47	76	77	5.184554	12.196122	108	-47	104	103	99.184554	-167.803878
40	35	72	97	6.847406	8.208418	40	-35	108	83	76.847406	-171.791582
129	41	84	50	-3.797691	3.808185	129	-41	96	130	78.202309	-176.191815
96	6	95	68	3.645422	-171.292789	96	-6	85	112	15.645422	8.707211
48	18	105	108	-3.709701	9.851931	48	-18	75	72	32.290299	-170.148069
74	16	35	48	-0.631769	-1.104394	74	-16	145	132	31.368231	178.895606
101	54	55	35	-2.480539	2.649740	101	-54	125	145	105.519461	-177.350260
95	23	55	38	7.008097	12.434347	95	-23	125	142	53.008097	-167.565653
74	36	96	68	2.617950	-7.225951	74	-36	84	112	74.617950	172.774049
130	40	98	95	2.588812	0.973900	130	-40	82	85	82.588812	-179.026100
85	54	70	74	2.561689	-0.724546	85	-54	110	106	110.561689	179.275454
113	39	43	71	-2.260341	10.720287	113	-39	137	109	75.739659	-169.279713
130	39	70	97	-3.237133	18.897729	130	-39	110	83	74.762867	-161.102271
49	46	113	96	-27.057600	-3.605257	49	-46	67	84	64.942400	176.394743
139	54	72	83	-3.987916	11.373364	139	-54	108	97	104.012084	-168.626636
50	43	54	110	4.753033	-0.568611	50	-43	126	70	90.753033	179.431389
109	49	80	71	-1.316301	14.468595	109	-49	100	109	96.683699	-165.531405
42	25	41	98	2.514463	8.439013	42	-25	139	82	52.514463	-171.560987
115	51	40	71	1.864261	0.972868	115	-51	140	109	103.864261	-179.027132
44	37	108	112	-15.200916	-5.319960	44	-37	72	68	58.799084	174.680040
108	13	71	54	4.672904	-2.093173	108	-13	109	126	30.672904	177.906827
108	20	81	74	3.013735	0.746717	108	-20	99	106	43.013735	-179.253283
65	55	73	66	-2.985124	-3.481366	65	-55	107	114	107.014876	176.518634
79	9	78	75	8.664093	-1.226679	79	-9	102	105	26.664093	178.773321
98	35	109	101	8.274166	20.898882	98	-35	71	79	78.274166	-159.101118
80	41	36	37	1.974327	2.449512	80	-41	144	143	83.974327	-177.550488
135	36	101	43	-4.533639	12.588848	135	-36	79	137	67.466361	-167.411152
136	17	66	69	5.759996	4.473852	136	-17	114	111	39.759996	-175.526148
112	43	111	79	11.267840	-12.810997	112	-43	69	101	97.267840	167.189003
54	49	77	66	-15.118629	5.841557	54	-49	103	114	82.881371	-174.158443
84	35	85	83	-3.974151	8.603063	84	-35	95	97	66.025849	-171.396937
96	9	84	111	22.025849	8.589874	96	-9	96	69	40.025849	-171.410126
67	44	103	71	-7.140986	-3.074195	67	-44	77	109	80.859014	176.925805
96	42	102	36	3.173024	-16.692572	96	-42	78	144	87.173024	163.307428
68	14	71	44	14.104778	0.612841	68	-14	109	136	42.104778	-179.387159
52	9	73	54	9.074531	1.810101	52	-9	107	126	27.074531	-178.189899
36	13	43	108	-4.679099	-162.764777	36	-13	137	72	21.320901	17.235223
54	13	48	69	13.658110	-0.562867	54	-13	132	111	39.658110	179.437133
110	39	50	38	5.313357	4.400608	110	-39	130	142	83.313357	-175.599392
96	44	98	106	-3.673446	-8.474484	96	-44	82	74	84.326554	171.525516
140	36	49	41	2.512220	-2.225444	140	-36	131	139	74.512220	177.774556
35	43	84	65	-3.404871	-15.693682	35	-43	96	115	82.595129	164.306318
114	19	72	67	12.722418	-2.289587	114	-19	108	113	50.722418	177.710413
145	21	78	51	-0.426751	22.235122	145	-21	102	129	41.573249	-157.764878
132	20	37	37	1.274645	3.606438	132	-20	143	143	41.274645	-176.393562
115	52	41	41	-1.558691	1.280867	115	-52	139	139	102.441309	-178.719133
113	37	97	79	5.731428	-0.204810	113	-37	83	101	79.731428	179.795190
49	10	68	83	12.838622	-8.411656	49	-10	112	97	32.838622	171.588344
49	38	73	49	4.441344	2.265919	49	-38	107	131	80.441344	-177.734081
84	25	46	79	4.568756	9.018814	84	-25	134	101	54.568756	-170.981186
52	20	36	95	1.142870	-8.046401	52	-20	144	85	41.142870	171.953599
97	46	55	77	-2.848671	0.734607	97	-46	125	103	89.151329	-179.265393
35	50	41	52	0.038751	-7.518935	35	-50	139	128	100.038751	172.481065
98	38	35	73	0.040879	8.522719	98	-38	145	107	76.040879	-171.477281
126	9	40	71	4.117855	-0.058881	126	-9	140	109	22.117855	179.941119
78	13	83	80	8.187758	-0.231792	78	-13	97	100	34.187758	179.768208
43	55	38	47	-1.051230	-0.931424	43	-55	142	133	108.948770	179.068576
101	6	49	103	12.351026	-10.911733	101	-6	131	77	24.351026	169.088267
54	20	111	78	6.173915	6.618566	54	-20	69	102	46.173915	-173.381434
136	18	69	81	10.088743	-3.729425	136	-18	111	99	46.088743	176.270575
66	16	69	108	10.766314	-9.305727	66	-16	111	72	42.766314	170.694273
139	35	100	37	1.602630	-5.153829	139	-35	80	143	71.602630	174.846171
54	43	78	40	0.049292	-4.077153	54	-43	102	140	86.049292	175.922847
85	42	50	111	2.482413	-9.698860	85	-42	130	69	86.482413	170.301140
36	38	76	95	-11.187736	-1.955845	36	-38	104	85	64.812264	178.044155
125	17	75	73	10.413173	4.761988	125	-17	105	107	44.413173	-175.238012
49	10	38	36	5.390384	0.285615	49	-10	142	144	25.390384	-179.714385
66	40	54	48	1.719799	-3.506059	66	-40	126	132	81.719799	176.493941
44	38	70	85	-0.441914	10.780671	44	-38	110	95	75.558086	-169.219329
110	54	100	73	7.544468	-4.848458	110	-54	80	107	115.544468	175.151542
40	51	81	98	-7.280903	-11.534906	40	-51	99	82	94.719097	168.465094
47	39	108	49	-3.159028	-30.956733	47	-39	72	131	74.840972	149.043267
105	18	109	65	13.321570	8.500573	105	-18	71	115	49.321570	-171.499427
