#delta	Selev	th1	th2	elevERR		phiERR		delta	ASelev	ASth1	ASth2	ASelERR		ASphiERR
66	22	113	41	16.233616	5.543940	66	-22	67	139	60.233616	-174.456060
51	38	102	102	10.969102	-17.034723	51	-38	78	78	86.969102	162.965277
69	41	38	97	12.145731	-20.209776	69	-41	142	83	94.145731	159.790224
55	5	39	37	3.541937	1.662953	55	-5	141	143	13.541937	-178.337047
140	36	49	41	1.828122	-20.659009	140	-36	131	139	73.828122	159.340991
133	15	38	97	7.291125	-67.265049	133	-15	142	83	37.291125	112.734951
103	43	70	100	4.973023	-6.031746	103	-43	110	80	90.973023	173.968254
40	51	81	98	4.210186	-24.029559	40	-51	99	82	106.210186	155.970441
108	47	76	77	13.021952	-44.039267	108	-47	104	103	107.021952	135.960733
52	54	102	80	25.660237	13.660391	52	-54	78	100	133.660237	-166.339609
36	52	105	75	25.968290	29.246749	36	-52	75	105	129.968290	-150.753251
43	55	38	47	-4.318949	-14.196642	43	-55	142	133	105.681051	165.803358
140	6	100	112	16.472311	-89.835266	140	-6	80	68	28.472311	90.164734
100	53	95	96	-14.424729	-89.221462	100	-53	85	84	91.575271	90.778538
114	48	102	41	6.003021	3.865941	114	-48	78	139	102.003021	-176.134059
136	18	69	81	14.428420	-11.570767	136	-18	111	99	50.428420	168.429233
74	16	35	48	0.277314	0.292705	74	-16	145	132	32.277314	-179.707295
129	13	102	49	7.092690	59.843789	129	-13	78	131	33.092690	-120.156211
108	12	108	66	23.065828	31.051858	108	-12	72	114	47.065828	-148.948142
127	49	78	79	4.752176	-25.992323	127	-49	102	101	102.752176	154.007677
83	16	99	111	30.185311	42.767617	83	-16	81	69	62.185311	-137.232383
40	21	47	96	-4.032932	-156.166819	40	-21	133	84	37.967068	23.833181
135	36	101	43	10.467870	-46.816738	135	-36	79	137	82.467870	133.183262
100	11	46	96	11.842820	156.522773	100	-11	134	84	33.842820	-23.477227
48	14	100	108	14.225644	-12.061108	48	-14	80	72	42.225644	167.938892
126	50	98	36	-1.164726	-20.456149	126	-50	82	144	98.835274	159.543851
52	6	73	77	14.882810	-1.770389	52	-6	107	103	26.882810	178.229611
105	19	53	41	5.429824	-10.052036	105	-19	127	139	43.429824	169.947964
65	55	73	66	8.648931	9.698839	65	-55	107	114	118.648931	-170.301161
50	55	65	78	-2.393510	8.200149	50	-55	115	102	107.606490	-171.799851
135	17	44	70	3.700876	-9.461181	135	-17	136	110	37.700876	170.538819
50	15	97	113	31.769247	7.083468	50	-15	83	67	61.769247	-172.916532
55	6	97	77	8.002201	-175.534605	55	-6	83	103	20.002201	4.465395
102	43	53	36	1.193467	-3.447565	102	-43	127	144	87.193467	176.552435
111	12	51	70	7.667178	14.879584	111	-12	129	110	31.667178	-165.120416
80	43	109	102	7.712792	-16.939288	80	-43	71	78	93.712792	163.060712
67	41	43	36	8.853606	-1.331729	67	-41	137	144	90.853606	178.668271
50	15	104	55	4.953819	-3.937672	50	-15	76	125	34.953819	176.062328
53	40	111	48	-26.272860	-17.047587	53	-40	69	132	53.727140	162.952413
125	38	113	50	5.253340	-44.602237	125	-38	67	130	81.253340	135.397763
79	54	66	52	13.663847	-6.193698	79	-54	114	128	121.663847	173.806302
81	43	107	97	3.503019	-30.818223	81	-43	73	83	89.503019	149.181777
139	54	72	83	-17.262952	-57.531962	139	-54	108	97	90.737048	122.468038
66	40	54	48	4.552812	-14.063925	66	-40	126	132	84.552812	165.936075
95	10	78	41	-1.537919	-144.622851	95	-10	102	139	18.462081	35.377149
129	12	50	40	3.185509	-12.475290	129	-12	130	140	27.185509	167.524710
65	8	72	79	41.160261	144.667298	65	-8	108	101	57.160261	-35.332702
107	23	49	49	10.986704	-14.874170	107	-23	131	131	56.986704	165.125830
108	13	71	54	5.318958	-18.555740	108	-13	109	126	31.318958	161.444260
103	54	97	44	-9.663980	15.854173	103	-54	83	136	98.336020	-164.145827
54	20	111	78	-4.738665	2.702359	54	-20	69	102	35.261335	-177.297641
125	47	43	39	2.797076	-19.219872	125	-47	137	141	96.797076	160.780128
44	37	108	112	-4.473346	-21.996145	44	-37	72	68	69.526654	158.003855
50	43	54	110	1.450435	-18.564486	50	-43	126	70	87.450435	161.435514
112	19	112	68	5.460579	8.112200	112	-19	68	112	43.460579	-171.887800
49	38	73	49	2.598823	-15.553404	49	-38	107	131	78.598823	164.446596
77	18	66	111	-2.862178	7.143832	77	-18	114	69	33.137822	-172.856168
130	23	43	107	0.707334	-11.097221	130	-23	137	73	46.707334	168.902779
48	40	77	81	8.682057	-5.540439	48	-40	103	99	88.682057	174.459561
75	46	45	73	10.868032	-29.406018	75	-46	135	107	102.868032	150.593982
101	35	48	36	6.051550	-10.506063	101	-35	132	144	76.051550	169.493937
114	19	72	67	22.478962	-22.965346	114	-19	108	113	60.478962	157.034654
45	38	102	105	-1.015243	-28.769582	45	-38	78	75	74.984757	151.230418
144	9	54	51	-0.594790	-4.387243	144	-9	126	129	17.405210	175.612757
44	9	74	70	4.343048	-8.261786	44	-9	106	110	22.343048	171.738214
112	54	111	52	-6.447805	10.391874	112	-54	69	128	101.552195	-169.608126
74	36	96	68	8.712442	3.674277	74	-36	84	112	80.712442	-176.325723
44	38	70	85	7.942331	9.425329	44	-38	110	95	83.942331	-170.574671
95	14	51	49	-4.812932	-3.146131	95	-14	129	131	23.187068	176.853869
78	10	95	43	3.389568	0.272247	78	-10	85	137	23.389568	-179.727753
71	13	111	114	17.131451	-8.147105	71	-13	69	66	43.131451	171.852895
102	42	37	113	-8.554868	-14.315597	102	-42	143	67	75.445132	165.684403
106	10	80	78	0.715349	9.034194	106	-10	100	102	20.715349	-170.965806
40	41	45	110	-14.695483	1.640116	40	-41	135	70	67.304517	-178.359884
136	15	38	40	0.198727	5.526704	136	-15	142	140	30.198727	-174.473296
126	53	50	38	13.281579	-2.946011	126	-53	130	142	119.281579	177.053989
95	44	81	84	4.668972	-2.263498	95	-44	99	96	92.668972	177.736502
134	53	78	40	1.213402	-10.834553	134	-53	102	140	107.213402	169.165447
130	39	70	97	-7.490534	-34.661617	130	-39	110	83	70.509466	145.338383
52	20	36	95	-7.385736	-164.583594	52	-20	144	85	32.614264	15.416406
40	35	72	97	-1.670918	-9.153865	40	-35	108	83	68.329082	170.846135
129	20	65	111	-6.121045	-54.011267	129	-20	115	69	33.878955	125.988733
49	10	38	36	0.017358	0.480073	49	-10	142	144	20.017358	-179.519927
47	49	38	42	-2.962536	0.661822	47	-49	142	138	95.037464	-179.338178
98	38	35	73	-0.625351	1.998845	98	-38	145	107	75.374649	-178.001155
138	24	105	98	-3.051609	-82.710831	138	-24	75	82	44.948391	97.289169
51	35	49	37	3.049428	12.401745	51	-35	131	143	73.049428	-167.598255
76	22	76	67	-3.935188	-7.587514	76	-22	104	113	40.064812	172.412486
42	25	41	98	-2.268891	3.892272	42	-25	139	82	47.731109	-176.107728
75	46	84	95	4.320717	-9.401633	75	-46	96	85	96.320717	170.598367
54	13	48	69	-8.356595	5.486658	54	-13	132	111	17.643405	-174.513342
96	16	98	37	1.348416	4.416685	96	-16	82	143	33.348416	-175.583315
128	45	69	80	-16.829665	-55.852513	128	-45	111	100	73.170335	124.147487
125	49	81	96	-2.489432	62.786671	125	-49	99	84	95.510568	-117.213329
110	39	50	38	2.573223	-5.948955	110	-39	130	142	80.573223	174.051045
48	17	114	115	5.079424	0.685577	48	-17	66	65	39.079424	-179.314423
36	38	76	95	-0.767836	-11.324275	36	-38	104	85	75.232164	168.675725
126	22	101	111	2.258929	-65.857507	126	-22	79	69	46.258929	114.142493
66	7	46	53	7.423210	6.940631	66	-7	134	127	21.423210	-173.059369
68	15	70	97	23.219889	6.246980	68	-15	110	83	53.219889	-173.753020
47	49	40	106	-7.939375	10.496518	47	-49	140	74	90.060625	-169.503482
69	6	74	115	0.059530	170.910899	69	-6	106	65	12.059530	-9.089101
105	24	79	84	0.494061	-42.105748	105	-24	101	96	48.494061	137.894252
126	55	49	49	-0.411633	-27.754684	126	-55	131	131	109.588367	152.245316
50	5	79	69	4.709088	175.525900	50	-5	101	111	14.709088	-4.474100
98	23	112	97	-11.573088	-4.229676	98	-23	68	83	34.426912	175.770324
41	52	54	67	-3.445066	-5.827646	41	-52	126	113	100.554934	174.172354
51	9	100	96	3.662992	-13.238637	51	-9	80	84	21.662992	166.761363
113	37	97	79	4.779115	-51.475607	113	-37	83	101	78.779115	128.524393
130	35	99	102	-3.446737	-67.510832	130	-35	81	78	66.553263	112.489168
140	38	67	80	-1.911066	37.558286	140	-38	113	100	74.088934	-142.441714
68	14	71	44	5.774016	-5.668801	68	-14	109	136	33.774016	174.331199
36	48	47	38	10.300592	7.020695	36	-48	133	142	106.300592	-172.979305
129	40	76	104	3.099336	33.298024	129	-40	104	76	83.099336	-146.701976
130	38	98	97	-7.562939	-85.255571	130	-38	82	83	68.437061	94.744429
140	8	66	73	4.190236	25.285640	140	-8	114	107	20.190236	-154.714360
68	22	79	108	0.447263	-0.122637	68	-22	101	72	44.447263	179.877363
95	20	78	41	-1.010240	1.695919	95	-20	102	139	38.989760	-178.304081
136	17	66	69	1.519035	-1.919987	136	-17	114	111	35.519035	178.080013
99	38	96	111	-1.079607	-52.984722	99	-38	84	69	74.920393	127.015278
85	42	50	111	5.362175	-31.865951	85	-42	130	69	89.362175	148.134049
48	18	105	108	12.271546	6.247447	48	-18	75	72	48.271546	-173.752553
38	49	96	97	-17.209079	23.760532	38	-49	84	83	80.790921	-156.239468
54	43	78	40	5.469006	-16.251324	54	-43	102	140	91.469006	163.748676
114	18	85	80	7.416596	2.752978	114	-18	95	100	43.416596	-177.247022
114	36	73	81	-4.846564	-10.618878	114	-36	107	99	67.153436	169.381122
73	15	110	107	6.963062	-2.870952	73	-15	70	73	36.963062	177.129048
69	35	44	46	2.177442	5.402015	69	-35	136	134	72.177442	-174.597985
106	15	106	35	4.411953	-11.160937	106	-15	74	145	34.411953	168.839063
126	10	110	101	14.257225	-53.978441	126	-10	70	79	34.257225	126.021559
76	17	46	51	5.236271	2.515440	76	-17	134	129	39.236271	-177.484560
71	43	112	66	-5.128551	22.183713	71	-43	68	114	80.871449	-157.816287
105	47	105	71	1.505012	-3.305972	105	-47	75	109	95.505012	176.694028
108	20	81	74	5.734582	3.672676	108	-20	99	106	45.734582	-176.327324
50	8	45	53	-3.494993	0.759694	50	-8	135	127	12.505007	-179.240306
96	9	84	111	11.351906	-3.677655	96	-9	96	69	29.351906	176.322345
82	50	85	43	-13.332521	-11.559300	82	-50	95	137	86.667479	168.440700
101	16	110	106	18.329978	-20.917057	101	-16	70	74	50.329978	159.082943
110	54	100	73	-1.781112	-19.280121	110	-54	80	107	106.218888	160.719879
82	20	80	66	14.960185	5.721954	82	-20	100	114	54.960185	-174.278046
136	35	67	69	8.140118	11.579788	136	-35	113	111	78.140118	-168.420212
50	45	49	70	0.945400	4.479288	50	-45	131	110	90.945400	-175.520712
76	23	50	76	7.551623	-0.273502	76	-23	130	104	53.551623	179.726498
54	49	77	66	-14.968733	14.753342	54	-49	103	114	83.031267	-165.246658
77	9	108	107	23.634280	-6.706237	77	-9	72	73	41.634280	173.293763
127	14	39	82	3.770962	-0.816820	127	-14	141	98	31.770962	179.183180
115	51	40	71	-2.013951	15.465240	115	-51	140	109	99.986049	-164.534760
49	47	81	43	3.180115	0.258431	49	-47	99	137	97.180115	-179.741569
44	9	42	38	0.591798	1.899321	44	-9	138	142	18.591798	-178.100679
141	42	38	85	-0.689344	13.906728	141	-42	142	95	83.310656	-166.093272
42	25	83	98	-4.298177	9.658973	42	-25	97	82	45.701823	-170.341027
35	50	41	52	-3.185164	-0.301288	35	-50	139	128	96.814836	179.698712
81	44	36	79	-2.567265	0.260743	81	-44	144	101	85.432735	-179.739257
134	46	55	37	-1.634197	-1.095915	134	-46	125	143	90.365803	178.904085
47	39	108	49	0.806758	-21.857297	47	-39	72	131	78.806758	158.142703
77	52	96	106	-5.762471	-13.978642	77	-52	84	74	98.237529	166.021358
96	44	98	106	4.924601	-30.987797	96	-44	82	74	92.924601	149.012203
113	39	43	71	-11.087620	153.554498	113	-39	137	109	66.912380	-26.445502
84	15	42	50	3.971649	3.029395	84	-15	138	130	33.971649	-176.970605
42	21	49	70	30.055427	5.216282	42	-21	131	110	72.055427	-174.783718
140	9	68	106	12.886127	-37.733480	140	-9	112	74	30.886127	142.266520
109	49	80	71	-1.276213	1.356478	109	-49	100	109	96.723787	-178.643522
67	44	103	71	7.792236	0.742753	67	-44	77	109	95.792236	-179.257247
125	35	96	97	9.600004	75.368456	125	-35	84	83	79.600004	-104.631544
125	17	75	73	12.370437	40.810946	125	-17	105	107	46.370437	-139.189054
72	43	95	96	9.410751	26.579528	72	-43	85	84	95.410751	-153.420472
139	35	100	37	-0.350861	-10.329646	139	-35	80	143	69.649139	169.670354
95	23	55	38	-11.815155	0.140301	95	-23	125	142	34.184845	-179.859699
69	43	78	37	-2.178319	-24.420629	69	-43	102	143	83.821681	155.579371
98	39	114	100	13.395752	22.414812	98	-39	66	80	91.395752	-157.585188
96	42	102	36	-0.828760	-0.272480	96	-42	78	144	83.171240	179.727520
98	35	109	101	3.363977	58.960018	98	-35	71	79	73.363977	-121.039982
114	51	83	79	-6.073583	50.299483	114	-51	97	101	95.926417	-129.700517
70	22	40	48	-11.950329	-0.477052	70	-22	140	132	32.049671	179.522948
67	24	42	66	-4.723069	3.088700	67	-24	138	114	43.276931	-176.911300
55	25	55	37	-15.037674	-3.075197	55	-25	125	143	34.962326	176.924803
53	8	55	75	-5.417555	10.346696	53	-8	125	105	10.582445	-169.653304
137	23	76	46	0.498791	5.938220	137	-23	104	134	46.498791	-174.061780
66	50	110	43	-3.750555	8.988002	66	-50	70	137	96.249445	-171.011998
101	54	55	35	0.408746	-5.210386	101	-54	125	145	108.408746	174.789614
132	20	39	44	0.997743	8.948232	132	-20	141	136	40.997743	-171.051768
35	43	84	65	-1.816972	-0.177853	35	-43	96	115	84.183028	179.822147
49	46	113	96	12.237539	0.602597	49	-46	67	84	104.237539	-179.397403
134	23	113	99	4.675073	7.179893	134	-23	67	81	50.675073	-172.820107
138	43	36	66	-8.442755	-9.655931	138	-43	144	114	77.557245	170.344069
75	37	115	77	11.671495	5.645645	75	-37	65	103	85.671495	-174.354355
131	17	99	51	8.192180	27.775373	131	-17	81	129	42.192180	-152.224627
52	9	73	54	1.928863	161.174317	52	-9	107	126	19.928863	-18.825683
84	35	85	83	4.855722	-6.016292	84	-35	95	97	74.855722	173.983708
68	51	53	102	8.304647	-9.700038	68	-51	127	78	110.304647	170.299962
85	23	113	38	2.172635	-5.534437	85	-23	67	142	48.172635	174.465563
126	9	40	71	8.707730	-14.596727	126	-9	140	109	26.707730	165.403273
136	50	108	40	-7.750743	10.504130	136	-50	72	140	92.249257	-169.495870
40	16	78	110	26.351607	-8.664821	40	-16	102	70	58.351607	171.335179
97	46	55	77	-3.044478	5.560047	97	-46	125	103	88.955522	-174.439953
66	16	69	108	27.999605	-8.747927	66	-16	111	72	59.999605	171.252073
130	40	98	95	-16.126000	98.777530	130	-40	82	85	63.874000	-81.222470
101	15	108	108	19.417257	-25.765109	101	-15	72	72	49.417257	154.234891
79	9	78	75	5.815491	17.880829	79	-9	102	105	23.815491	-162.119171
52	12	95	69	-3.132759	3.029798	52	-12	85	111	20.867241	-176.970202
129	41	84	50	-10.168932	24.012692	129	-41	96	130	71.831068	-155.987308
66	40	96	107	12.002676	2.213049	66	-40	84	73	92.002676	-177.786951
108	51	35	71	-5.628796	-1.328853	108	-51	145	109	96.371204	178.671147
85	54	70	74	-2.264231	-21.825787	85	-54	110	106	105.735769	158.174213
111	17	106	96	20.012813	31.329561	111	-17	74	84	54.012813	-148.670439
84	45	76	70	8.516497	-8.397556	84	-45	104	110	98.516497	171.602444
35	22	75	85	7.349100	16.628916	35	-22	105	95	51.349100	-163.371084
73	37	55	46	2.734553	-7.802876	73	-37	125	134	76.734553	172.197124
125	37	95	71	4.264193	-45.390856	125	-37	85	109	78.264193	134.609144
126	40	96	101	14.506875	5.422040	126	-40	84	79	94.506875	-174.577960
84	25	46	79	1.671770	0.166102	84	-25	134	101	51.671770	-179.833898
80	41	36	37	6.260840	1.902594	80	-41	144	143	88.260840	-178.097406
112	43	111	79	-13.426323	66.470919	112	-43	69	101	72.573677	-113.529081
98	17	35	100	6.795019	-3.090058	98	-17	145	80	40.795019	176.909942
82	6	111	55	6.062768	11.887823	82	-6	69	125	18.062768	-168.112177
36	13	43	108	4.119379	44.866884	36	-13	137	72	30.119379	-135.133116
96	6	95	68	5.857326	9.215782	96	-6	85	112	17.857326	-170.784218
70	24	113	41	16.919558	-9.190226	70	-24	67	139	64.919558	170.809774
72	40	83	81	5.716642	-1.953069	72	-40	97	99	85.716642	178.046931
101	6	49	103	18.167986	-15.925840	101	-6	131	77	30.167986	164.074160
111	20	42	76	9.803391	-18.487691	111	-20	138	104	49.803391	161.512309
49	10	68	83	-0.542971	-9.818846	49	-10	112	97	19.457029	170.181154
134	10	65	102	5.441186	-31.479266	134	-10	115	78	25.441186	148.520734
77	17	106	105	3.955271	-6.383341	77	-17	74	75	37.955271	173.616659
105	18	109	65	10.915004	15.769119	105	-18	71	115	46.915004	-164.230881
131	37	97	80	2.168816	-53.671735	131	-37	83	100	76.168816	126.328265
135	8	72	96	10.619987	-4.035996	135	-8	108	84	26.619987	175.964004
132	20	37	37	1.559609	11.693401	132	-20	143	143	41.559609	-168.306599
145	21	78	51	0.560230	11.748509	145	-21	102	129	42.560230	-168.251491
142	17	71	75	6.105822	16.820602	142	-17	109	105	40.105822	-163.179398
138	37	43	67	8.585744	-24.462863	138	-37	137	113	82.585744	155.537137
135	19	114	74	-0.438644	44.558152	135	-19	66	106	37.561356	-135.441848
106	25	95	105	-2.070683	-32.024459	106	-25	85	75	47.929317	147.975541
79	6	48	79	4.979289	-0.779228	79	-6	132	101	16.979289	179.220772
78	13	83	80	12.353533	12.171551	78	-13	97	100	38.353533	-167.828449
81	36	110	41	3.218610	14.299295	81	-36	70	139	75.218610	-165.700705
115	52	41	41	-4.368478	-7.500362	115	-52	139	139	99.631522	172.499638
36	19	42	75	20.126434	10.719227	36	-19	138	105	58.126434	-169.280773
101	8	35	46	-2.559049	10.936483	101	-8	145	134	13.440951	-169.063517
128	11	45	95	5.347342	-17.248392	128	-11	135	85	27.347342	162.751608
