#delta	Selev	th1	th2	elevERR		phiERR		delta	ASelev	ASth1	ASth2	ASelERR		ASphiERR
44	38	70	85	-0.669369	14.541723	44	-38	110	95	75.330631	-165.458277
44	9	74	70	16.268987	1.410478	44	-9	106	110	34.268987	-178.589522
42	25	41	98	3.270678	33.091046	42	-25	139	82	53.270678	-146.908954
134	10	65	102	7.307917	140.520254	134	-10	115	78	27.307917	-39.479746
106	10	80	78	18.925374	-37.314067	106	-10	100	102	38.925374	142.685933
95	23	55	38	9.935967	11.821562	95	-23	125	142	55.935967	-168.178438
98	35	109	101	1.235860	-1.785023	98	-35	71	79	71.235860	178.214977
103	43	70	100	-5.223970	98.143200	103	-43	110	80	80.776030	-81.856800
96	6	95	68	14.910533	-154.575814	96	-6	85	112	26.910533	25.424186
126	50	98	36	-6.167265	-89.986498	126	-50	82	144	93.832735	90.013502
76	22	76	67	21.010068	26.506497	76	-22	104	113	65.010068	-153.493503
140	9	68	106	14.224754	-41.170040	140	-9	112	74	32.224754	138.829960
47	49	38	42	2.936865	-1.573730	47	-49	142	138	100.936865	178.426270
132	20	37	37	4.863025	4.603839	132	-20	143	143	44.863025	-175.396161
144	9	54	51	7.522123	-14.167465	144	-9	126	129	25.522123	165.832535
84	15	42	50	4.656525	4.503850	84	-15	138	130	34.656525	-175.496150
139	35	100	37	-0.481475	17.392182	139	-35	80	143	69.518525	-162.607818
84	35	85	83	3.562655	-35.773649	84	-35	95	97	73.562655	144.226351
110	39	50	38	7.309783	14.124402	110	-39	130	142	85.309783	-165.875598
77	18	66	111	19.326451	-40.742658	77	-18	114	69	55.326451	139.257342
66	7	46	53	5.714400	4.357781	66	-7	134	127	19.714400	-175.642219
52	20	36	95	-1.472968	11.772427	52	-20	144	85	38.527032	-168.227573
54	20	111	78	13.636612	9.198262	54	-20	69	102	53.636612	-170.801738
47	39	108	49	4.994903	1.880376	47	-39	72	131	82.994903	-178.119624
126	22	101	111	5.609665	-75.010215	126	-22	79	69	49.609665	104.989785
114	48	102	41	2.900228	-53.691517	114	-48	78	139	98.900228	126.308483
47	49	40	106	-7.151631	100.065466	47	-49	140	74	90.848369	-79.934534
106	25	95	105	9.510102	-59.367340	106	-25	85	75	59.510102	120.632660
135	17	44	70	9.752878	-18.290029	135	-17	136	110	43.752878	161.709971
84	45	76	70	25.493627	70.214697	84	-45	104	110	115.493627	-109.785303
36	13	43	108	2.906900	-156.414576	36	-13	137	72	28.906900	23.585424
115	52	41	41	12.064967	15.688147	115	-52	139	139	116.064967	-164.311853
68	14	71	44	15.724586	-1.284957	68	-14	109	136	43.724586	178.715043
85	23	113	38	0.261609	-13.834862	85	-23	67	142	46.261609	166.165138
108	12	108	66	17.697807	5.485749	108	-12	72	114	41.697807	-174.514251
40	21	47	96	-9.444586	-166.711796	40	-21	133	84	32.555414	13.288204
129	41	84	50	-0.686507	-12.064749	129	-41	96	130	81.313493	167.935251
125	47	43	39	-0.520062	2.434884	125	-47	137	141	93.479938	-177.565116
70	24	113	41	3.162629	-170.839921	70	-24	67	139	51.162629	9.160079
125	35	96	97	5.688111	2.891207	125	-35	84	83	75.688111	-177.108793
136	17	66	69	11.901348	-23.746227	136	-17	114	111	45.901348	156.253773
140	36	49	41	6.855465	-6.787449	140	-36	131	139	78.855465	173.212551
78	10	95	43	20.542788	5.600749	78	-10	85	137	40.542788	-174.399251
74	36	96	68	3.354100	-18.969702	74	-36	84	112	75.354100	161.030298
79	54	66	52	-0.468573	2.492107	79	-54	114	128	107.531427	-177.507893
111	20	42	76	14.742024	-24.319123	111	-20	138	104	54.742024	155.680877
125	38	113	50	-7.878226	49.714242	125	-38	67	130	68.121774	-130.285758
113	39	43	71	-8.542898	-36.322307	113	-39	137	109	69.457102	143.677693
79	9	78	75	7.691368	-11.753434	79	-9	102	105	25.691368	168.246566
112	43	111	79	-22.062684	76.149139	112	-43	69	101	63.937316	-103.850861
52	6	73	77	32.206166	-178.456335	52	-6	107	103	44.206166	1.543665
41	52	54	67	-8.298425	21.404555	41	-52	126	113	95.701575	-158.595445
101	16	110	106	20.852110	-6.464924	101	-16	70	74	52.852110	173.535076
127	14	39	82	-1.615185	-78.111067	127	-14	141	98	26.384815	101.888933
135	19	114	74	-0.792170	59.772195	135	-19	66	106	37.207830	-120.227805
130	23	43	107	-5.178487	149.701659	130	-23	137	73	40.821513	-30.298341
50	15	104	55	30.057286	16.667430	50	-15	76	125	60.057286	-163.332570
95	14	51	49	6.082303	0.649969	95	-14	129	131	34.082303	-179.350031
115	51	40	71	-1.963066	32.592881	115	-51	140	109	100.036934	-147.407119
50	15	97	113	26.007382	-29.639914	50	-15	83	67	56.007382	150.360086
72	43	95	96	-0.326633	-17.935799	72	-43	85	84	85.673367	162.064201
114	36	73	81	-4.019796	-46.665443	114	-36	107	99	67.980204	133.334557
107	23	49	49	9.395959	-13.172326	107	-23	131	131	55.395959	166.827674
66	40	54	48	2.663820	9.062672	66	-40	126	132	82.663820	-170.937328
101	54	55	35	-3.148047	-1.806741	101	-54	125	145	104.851953	178.193259
36	52	105	75	0.578302	11.989124	36	-52	75	105	104.578302	-168.010876
81	36	110	41	-2.134869	-15.039762	81	-36	70	139	69.865131	164.960238
77	9	108	107	22.188101	-10.143881	77	-9	72	73	40.188101	169.856119
48	40	77	81	-4.990601	4.774184	48	-40	103	99	75.009399	-175.225816
125	37	95	71	6.108478	-63.192616	125	-37	85	109	80.108478	116.807384
70	22	40	48	3.711027	-5.450242	70	-22	140	132	47.711027	174.549758
69	43	78	37	1.095761	-26.421225	69	-43	102	143	87.095761	153.578775
55	6	97	77	34.184078	9.491982	55	-6	83	103	46.184078	-170.508018
129	13	102	49	3.097153	88.159786	129	-13	78	131	29.097153	-91.840214
38	49	96	97	3.115164	-5.648174	38	-49	84	83	101.115164	174.351826
129	12	50	40	1.415184	-12.361444	129	-12	130	140	25.415184	167.638556
131	37	97	80	8.549930	-41.179088	131	-37	83	100	82.549930	138.820912
42	25	83	98	-5.777715	82.392686	42	-25	97	82	44.222285	-97.607314
98	17	35	100	14.358969	-40.565532	98	-17	145	80	48.358969	139.434468
36	38	76	95	8.255802	8.275338	36	-38	104	85	84.255802	-171.724662
65	8	72	79	33.812527	159.149037	65	-8	108	101	49.812527	-20.850963
54	13	48	69	15.740991	7.320585	54	-13	132	111	41.740991	-172.679415
98	39	114	100	-11.016724	-5.967743	98	-39	66	80	66.983276	174.032257
65	55	73	66	-6.621942	16.594651	65	-55	107	114	103.378058	-163.405349
75	46	84	95	-7.270979	6.688204	75	-46	96	85	84.729021	-173.311796
105	24	79	84	-3.372488	-7.856328	105	-24	101	96	44.627512	172.143672
52	9	73	54	28.890420	175.859851	52	-9	107	126	46.890420	-4.140149
129	40	76	104	7.722325	61.953301	129	-40	104	76	87.722325	-118.046699
102	43	53	36	-3.468891	0.173110	102	-43	127	144	82.531109	-179.826890
95	20	78	41	12.592282	10.092285	95	-20	102	139	52.592282	-169.907715
77	52	96	106	-6.299839	-36.486541	77	-52	84	74	97.700161	143.513459
136	35	67	69	5.134094	-48.963468	136	-35	113	111	75.134094	131.036532
138	37	43	67	6.579686	-16.166262	138	-37	137	113	80.579686	163.833738
51	9	100	96	19.416324	8.906868	51	-9	80	84	37.416324	-171.093132
80	41	36	37	8.378744	0.106546	80	-41	144	143	90.378744	-179.893454
96	16	98	37	15.168140	10.241365	96	-16	82	143	47.168140	-169.758635
139	54	72	83	-16.518675	-57.230611	139	-54	108	97	91.481325	122.769389
49	10	68	83	18.807671	-7.152059	49	-10	112	97	38.807671	172.847941
109	49	80	71	-7.074244	48.344057	109	-49	100	109	90.925756	-131.655943
112	19	112	68	3.991540	5.924396	112	-19	68	112	41.991540	-174.075604
95	10	78	41	5.044393	6.259027	95	-10	102	139	25.044393	-173.740973
96	44	98	106	34.946378	-20.818846	96	-44	82	74	122.946378	159.181154
84	25	46	79	2.520892	-30.435411	84	-25	134	101	52.520892	149.564589
101	15	108	108	14.920280	14.735864	101	-15	72	72	44.920280	-165.264136
96	42	102	36	0.133487	-46.680391	96	-42	78	144	84.133487	133.319609
51	38	102	102	1.904425	25.680094	51	-38	78	78	77.904425	-154.319906
50	55	65	78	-0.270432	16.248100	50	-55	115	102	109.729568	-163.751900
125	17	75	73	10.915802	31.624406	125	-17	105	107	44.915802	-148.375594
48	14	100	108	22.431043	-45.771364	48	-14	80	72	50.431043	134.228636
55	5	39	37	5.279666	0.512655	55	-5	141	143	15.279666	-179.487345
129	20	65	111	3.403608	-35.174083	129	-20	115	69	43.403608	144.825917
134	53	78	40	17.544581	-38.193482	134	-53	102	140	123.544581	141.806518
130	39	70	97	4.418217	95.282715	130	-39	110	83	82.418217	-84.717285
49	38	73	49	10.311576	-4.022751	49	-38	107	131	86.311576	175.977249
42	21	49	70	21.941403	3.364316	42	-21	131	110	63.941403	-176.635684
140	6	100	112	14.568743	-58.530520	140	-6	80	68	26.568743	121.469480
85	54	70	74	-7.980894	16.086209	85	-54	110	106	100.019106	-163.913791
99	38	96	111	23.199488	59.865030	99	-38	84	69	99.199488	-120.134970
66	40	96	107	-4.007555	5.861282	66	-40	84	73	75.992445	-174.138718
55	25	55	37	0.564722	-3.454429	55	-25	125	143	50.564722	176.545571
126	55	49	49	-6.345697	7.246349	126	-55	131	131	103.654303	-172.753651
36	19	42	75	26.065794	9.292985	36	-19	138	105	64.065794	-170.707015
105	47	105	71	3.273438	-19.485204	105	-47	75	109	97.273438	160.514796
131	17	99	51	10.173263	33.100939	131	-17	81	129	44.173263	-146.899061
52	12	95	69	19.626596	14.642696	52	-12	85	111	43.626596	-165.357304
135	8	72	96	8.983571	10.066227	135	-8	108	84	24.983571	-169.933773
68	15	70	97	28.342576	1.475449	68	-15	110	83	58.342576	-178.524551
53	8	55	75	29.317139	-11.701212	53	-8	125	105	45.317139	168.298788
141	42	38	85	9.490464	42.271322	141	-42	142	95	93.490464	-137.728678
48	18	105	108	50.070805	44.259138	48	-18	75	72	86.070805	-135.740862
82	20	80	66	13.913591	1.462795	82	-20	100	114	53.913591	-178.537205
133	15	38	97	6.382691	-58.551849	133	-15	142	83	36.382691	121.448151
50	5	79	69	24.288187	173.356290	50	-5	101	111	34.288187	-6.643710
128	45	69	80	9.294657	80.386195	128	-45	111	100	99.294657	-99.613805
126	53	50	38	5.263694	-9.664009	126	-53	130	142	111.263694	170.335991
44	9	42	38	5.011959	-0.835569	44	-9	138	142	23.011959	179.164431
69	6	74	115	34.042857	-51.505615	69	-6	106	65	46.042857	128.494385
114	19	72	67	15.259602	49.443508	114	-19	108	113	53.259602	-130.556492
140	8	66	73	5.699901	-6.117593	140	-8	114	107	21.699901	173.882407
44	37	108	112	-2.193423	59.360378	44	-37	72	68	71.806577	-120.639622
128	11	45	95	6.107774	-72.917728	128	-11	135	85	28.107774	107.082272
81	44	36	79	8.578302	46.108740	81	-44	144	101	96.578302	-133.891260
35	43	84	65	11.958525	-12.336148	35	-43	96	115	97.958525	167.663852
101	6	49	103	23.996510	-15.377269	101	-6	131	77	35.996510	164.622731
66	16	69	108	40.085150	-24.284587	66	-16	111	72	72.085150	155.715413
66	22	113	41	9.052118	3.596323	66	-22	67	139	53.052118	-176.403677
71	43	112	66	12.631619	-47.824998	71	-43	68	114	98.631619	132.175002
108	51	35	71	17.002046	16.715646	108	-51	145	109	119.002046	-163.284354
82	50	85	43	6.247025	36.634143	82	-50	95	137	106.247025	-143.365857
136	15	38	40	-0.022152	2.002358	136	-15	142	140	29.977848	-177.997642
35	22	75	85	27.882382	30.427749	35	-22	105	95	71.882382	-149.572251
134	23	113	99	0.803654	-89.272802	134	-23	67	81	46.803654	90.727198
130	40	98	95	-22.700212	-109.589519	130	-40	82	85	57.299788	70.410481
135	36	101	43	-1.137762	12.303295	135	-36	79	137	70.862238	-167.696705
95	44	81	84	7.771619	24.777250	95	-44	99	96	95.771619	-155.222750
140	38	67	80	11.893263	-45.673808	140	-38	113	100	87.893263	134.326192
102	42	37	113	-17.145217	-38.814524	102	-42	143	67	66.854783	141.185476
67	41	43	36	4.467112	5.517504	67	-41	137	144	86.467112	-174.482496
69	41	38	97	22.073749	-41.479283	69	-41	142	83	104.073749	138.520717
98	38	35	73	3.867945	14.232937	98	-38	145	107	79.867945	-165.767063
35	50	41	52	3.819368	2.993616	35	-50	139	128	103.819368	-177.006384
114	18	85	80	20.748837	23.613839	114	-18	95	100	56.748837	-156.386161
126	40	96	101	-7.228204	77.224500	126	-40	84	79	72.771796	-102.775500
138	24	105	98	-1.589662	91.408863	138	-24	75	82	46.410338	-88.591137
108	13	71	54	6.973893	-11.490788	108	-13	109	126	32.973893	168.509212
50	43	54	110	24.489016	0.497517	50	-43	126	70	110.489016	-179.502483
78	13	83	80	-2.065470	-170.407558	78	-13	97	100	23.934530	9.592442
50	8	45	53	9.103853	2.598381	50	-8	135	127	25.103853	-177.401619
96	9	84	111	27.566837	-28.409217	96	-9	96	69	45.566837	151.590783
74	16	35	48	6.325703	0.890971	74	-16	145	132	38.325703	-179.109029
75	37	115	77	19.183233	61.536070	75	-37	65	103	93.183233	-118.463930
126	10	110	101	17.029449	59.095494	126	-10	70	79	37.029449	-120.904506
114	51	83	79	14.383563	-29.887163	114	-51	97	101	116.383563	150.112837
80	43	109	102	10.871714	44.188193	80	-43	71	78	96.871714	-135.811807
50	45	49	70	3.564440	16.600471	50	-45	131	110	93.564440	-163.399529
83	16	99	111	21.727240	32.107012	83	-16	81	69	53.727240	-147.892988
130	38	98	97	-5.316818	-32.117686	130	-38	82	83	70.683182	147.882314
36	48	47	38	4.160662	3.337424	36	-48	133	142	100.160662	-176.662576
97	46	55	77	-3.679996	19.104773	97	-46	125	103	88.320004	-160.895227
111	12	51	70	4.310538	6.338865	111	-12	129	110	28.310538	-173.661135
108	20	81	74	11.436280	-2.706665	108	-20	99	106	51.436280	177.293335
111	17	106	96	18.842185	-44.597360	111	-17	74	84	52.842185	135.402640
67	24	42	66	12.857488	-26.749535	67	-24	138	114	60.857488	153.250465
136	18	69	81	5.934482	79.444254	136	-18	111	99	41.934482	-100.555746
40	41	45	110	19.976924	-38.107328	40	-41	135	70	101.976924	141.892672
40	51	81	98	24.419425	-14.183137	40	-51	99	82	126.419425	165.816863
132	20	39	44	6.749214	7.818554	132	-20	141	136	46.749214	-172.181446
49	46	113	96	16.065434	19.233644	49	-46	67	84	108.065434	-160.766356
77	17	106	105	23.570997	14.154772	77	-17	74	75	57.570997	-165.845228
126	9	40	71	6.411974	-13.141179	126	-9	140	109	24.411974	166.858821
82	6	111	55	33.470534	30.296397	82	-6	69	125	45.470534	-149.703603
113	37	97	79	14.899642	-45.516755	113	-37	83	101	88.899642	134.483245
98	23	112	97	12.411360	19.200857	98	-23	68	83	58.411360	-160.799143
105	19	53	41	1.861355	8.617091	105	-19	127	139	39.861355	-171.382909
68	22	79	108	9.222524	-8.546902	68	-22	101	72	53.222524	171.453098
75	46	45	73	17.383648	12.593712	75	-46	135	107	109.383648	-167.406288
53	40	111	48	22.790079	43.556534	53	-40	69	132	102.790079	-136.443466
81	43	107	97	19.982245	57.546630	81	-43	73	83	105.982245	-122.453370
73	15	110	107	23.904621	30.252498	73	-15	70	73	53.904621	-149.747502
136	50	108	40	0.045034	-14.633208	136	-50	72	140	100.045034	165.366792
105	18	109	65	10.112392	18.201034	105	-18	71	115	46.112392	-161.798966
71	13	111	114	12.614493	45.887383	71	-13	69	66	38.614493	-134.112617
134	46	55	37	0.871935	-16.857744	134	-46	125	143	92.871935	163.142256
40	35	72	97	24.099976	-13.529852	40	-35	108	83	94.099976	166.470148
43	55	38	47	0.463569	14.980765	43	-55	142	133	110.463569	-165.019235
54	49	77	66	14.156499	-24.693476	54	-49	103	114	112.156499	155.306524
145	21	78	51	0.276950	-117.715480	145	-21	102	129	42.276950	62.284520
110	54	100	73	-10.732777	36.707160	110	-54	80	107	97.267223	-143.292840
125	49	81	96	-10.158157	-66.502692	125	-49	99	84	87.841843	113.497308
127	49	78	79	-35.171565	111.070228	127	-49	102	101	62.828435	-68.929772
73	37	55	46	7.641199	6.870996	73	-37	125	134	81.641199	-173.129004
40	16	78	110	6.713426	60.538635	40	-16	102	70	38.713426	-119.461365
54	43	78	40	-10.697836	-26.622974	54	-43	102	140	75.302164	153.377026
100	11	46	96	12.326170	-71.536327	100	-11	134	84	34.326170	108.463673
101	8	35	46	3.358516	-4.016983	101	-8	145	134	19.358516	175.983017
68	51	53	102	14.402399	27.125831	68	-51	127	78	116.402399	-152.874169
100	53	95	96	-0.400637	77.290088	100	-53	85	84	105.599363	-102.709912
52	54	102	80	10.950555	1.697122	52	-54	78	100	118.950555	-178.302878
72	40	83	81	18.439922	-1.360533	72	-40	97	99	98.439922	178.639467
85	42	50	111	16.690083	10.224337	85	-42	130	69	100.690083	-169.775663
51	35	49	37	-0.826600	5.771115	51	-35	131	143	69.173400	-174.228885
69	35	44	46	3.475250	-4.172400	69	-35	136	134	73.475250	175.827600
138	43	36	66	19.039590	179.826430	138	-43	144	114	105.039590	-0.173570
49	10	38	36	-0.831570	-2.057791	49	-10	142	144	19.168430	177.942209
137	23	76	46	2.468826	20.175739	137	-23	104	134	48.468826	-159.824261
112	54	111	52	-1.928242	-19.515961	112	-54	69	128	106.071758	160.484039
48	17	114	115	4.295105	-53.153584	48	-17	66	65	38.295105	126.846416
45	38	102	105	-2.991514	-11.786757	45	-38	78	75	73.008486	168.213243
76	17	46	51	7.070489	-1.504346	76	-17	134	129	41.070489	178.495654
106	15	106	35	2.865567	-164.562723	106	-15	74	145	32.865567	15.437277
130	35	99	102	0.858448	-14.620326	130	-35	81	78	70.858448	165.379674
142	17	71	75	11.551881	-20.540356	142	-17	109	105	45.551881	159.459644
67	44	103	71	7.896196	15.176726	67	-44	77	109	95.896196	-164.823274
66	50	110	43	-10.128871	44.518345	66	-50	70	137	89.871129	-135.481655
101	35	48	36	3.871975	18.302991	101	-35	132	144	73.871975	-161.697009
103	54	97	44	13.737980	-31.424447	103	-54	83	136	121.737980	148.575553
76	23	50	76	14.861669	-31.379884	76	-23	130	104	60.861669	148.620116
49	47	81	43	15.232682	-1.533941	49	-47	99	137	109.232682	178.466059
79	6	48	79	14.836109	3.468442	79	-6	132	101	26.836109	-176.531558
108	47	76	77	7.827494	36.451072	108	-47	104	103	101.827494	-143.548928
