#delta	Selev	th1	th2	elevERR		phiERR		delta	ASelev	ASth1	ASth2	ASelERR		ASphiERR
75	46	45	73	8.439579	1.472742	75	-46	135	107	100.439579	-178.527258
74	36	96	68	10.931352	19.683011	74	-36	84	112	82.931352	-160.316989
129	13	102	49	9.192796	37.012307	129	-13	78	131	35.192796	-142.987693
42	25	83	98	3.853765	-19.347742	42	-25	97	82	53.853765	160.652258
134	53	78	40	3.555683	-10.221116	134	-53	102	140	109.555683	169.778884
67	24	42	66	7.074137	5.666500	67	-24	138	114	55.074137	-174.333500
137	23	76	46	6.831115	16.382542	137	-23	104	134	52.831115	-163.617458
136	35	67	69	7.669450	-31.842028	136	-35	113	111	77.669450	148.157972
51	35	49	37	1.457077	11.310816	51	-35	131	143	71.457077	-168.689184
38	49	96	97	6.673900	-0.584642	38	-49	84	83	104.673900	179.415358
101	8	35	46	4.660844	4.797864	101	-8	145	134	20.660844	-175.202136
69	43	78	37	-1.472935	-13.118472	69	-43	102	143	84.527065	166.881528
131	37	97	80	11.636091	-12.750531	131	-37	83	100	85.636091	167.249469
125	37	95	71	-5.886784	-3.349422	125	-37	85	109	68.113216	176.650578
101	35	48	36	9.623065	-0.474544	101	-35	132	144	79.623065	179.525456
139	35	100	37	-6.229747	33.263046	139	-35	80	143	63.770253	-146.736954
106	10	80	78	17.827586	25.902604	106	-10	100	102	37.827586	-154.097396
125	38	113	50	-4.789043	-9.928439	125	-38	67	130	71.210957	170.071561
138	24	105	98	-0.497027	10.199113	138	-24	75	82	47.502973	-169.800887
67	41	43	36	-0.165516	-5.538088	67	-41	137	144	81.834484	174.461912
101	16	110	106	47.247445	-0.963529	101	-16	70	74	79.247445	179.036471
43	55	38	47	-4.591971	-5.403324	43	-55	142	133	105.408029	174.596676
145	21	78	51	2.412946	-10.467902	145	-21	102	129	44.412946	169.532098
132	20	37	37	2.208918	-4.704494	132	-20	143	143	42.208918	175.295506
105	47	105	71	2.598600	21.903381	105	-47	75	109	96.598600	-158.096619
125	49	81	96	-6.999065	28.122474	125	-49	99	84	91.000935	-151.877526
50	55	65	78	3.239363	-23.930645	50	-55	115	102	113.239363	156.069355
50	45	49	70	12.572051	5.611022	50	-45	131	110	102.572051	-174.388978
35	50	41	52	3.662780	7.851474	35	-50	139	128	103.662780	-172.148526
96	42	102	36	-13.582798	33.857869	96	-42	78	144	70.417202	-146.142131
47	49	38	42	9.635728	-1.113047	47	-49	142	138	107.635728	178.886953
50	15	104	55	13.666448	3.479632	50	-15	76	125	43.666448	-176.520368
128	11	45	95	17.804768	122.488212	128	-11	135	85	39.804768	-57.511788
66	7	46	53	11.756475	-2.293764	66	-7	134	127	25.756475	177.706236
108	20	81	74	18.738061	-1.324775	108	-20	99	106	58.738061	178.675225
52	9	73	54	21.326149	3.067768	52	-9	107	126	39.326149	-176.932232
131	17	99	51	16.413588	-31.771013	131	-17	81	129	50.413588	148.228987
106	15	106	35	-0.034507	32.448473	106	-15	74	145	29.965493	-147.551527
135	17	44	70	4.344594	-17.064706	135	-17	136	110	38.344594	162.935294
105	24	79	84	11.841971	-0.894230	105	-24	101	96	59.841971	179.105770
130	40	98	95	8.209510	28.228632	130	-40	82	85	88.209510	-151.771368
136	15	38	40	4.792993	-5.487965	136	-15	142	140	34.792993	174.512035
126	9	40	71	6.119148	-6.638961	126	-9	140	109	24.119148	173.361039
36	38	76	95	18.045086	-16.858483	36	-38	104	85	94.045086	163.141517
52	20	36	95	3.533009	4.480169	52	-20	144	85	43.533009	-175.519831
51	9	100	96	9.133948	179.175742	51	-9	80	84	27.133948	-0.824258
73	37	55	46	6.024866	-1.857596	73	-37	125	134	80.024866	178.142404
112	19	112	68	13.032418	-32.915858	112	-19	68	112	51.032418	147.084142
95	44	81	84	-1.545010	-7.404396	95	-44	99	96	86.454990	172.595604
81	44	36	79	1.066912	-8.248608	81	-44	144	101	89.066912	171.751392
134	10	65	102	10.482127	-15.790611	134	-10	115	78	30.482127	164.209389
65	55	73	66	0.921437	-6.349930	65	-55	107	114	110.921437	173.650070
84	25	46	79	4.321787	-12.485987	84	-25	134	101	54.321787	167.514013
66	50	110	43	-10.252536	46.621679	66	-50	70	137	89.747464	-133.378321
108	13	71	54	7.658530	15.186055	108	-13	109	126	33.658530	-164.813945
136	18	69	81	5.180000	-0.117627	136	-18	111	99	41.180000	179.882373
114	51	83	79	12.249900	-40.792694	114	-51	97	101	114.249900	139.207306
140	36	49	41	4.062035	-14.710242	140	-36	131	139	76.062035	165.289758
49	10	38	36	7.431292	-1.278654	49	-10	142	144	27.431292	178.721346
140	38	67	80	-0.491236	30.073544	140	-38	113	100	75.508764	-149.926456
54	49	77	66	8.769176	5.231486	54	-49	103	114	106.769176	-174.768514
50	15	97	113	7.060547	-17.138592	50	-15	83	67	37.060547	162.861408
129	41	84	50	4.511627	8.366348	129	-41	96	130	86.511627	-171.633652
41	52	54	67	15.101161	-21.479424	41	-52	126	113	119.101161	158.520576
69	6	74	115	26.455799	164.634761	69	-6	106	65	38.455799	-15.365239
71	13	111	114	-0.852690	170.159672	71	-13	69	66	25.147310	-9.840328
112	43	111	79	3.093200	-22.503876	112	-43	69	101	89.093200	157.496124
140	8	66	73	11.825404	106.728517	140	-8	114	107	27.825404	-73.271483
114	48	102	41	8.605610	29.111629	114	-48	78	139	104.605610	-150.888371
72	43	95	96	0.515829	23.470630	72	-43	85	84	86.515829	-156.529370
55	5	39	37	10.511464	0.505371	55	-5	141	143	20.511464	-179.494629
48	18	105	108	22.692654	-18.953941	48	-18	75	72	58.692654	161.046059
98	23	112	97	4.680093	-12.681765	98	-23	68	83	50.680093	167.318235
78	10	95	43	22.039481	4.823587	78	-10	85	137	42.039481	-175.176413
139	54	72	83	-1.500881	19.918646	139	-54	108	97	106.499119	-160.081354
140	9	68	106	1.864997	116.340959	140	-9	112	74	19.864997	-63.659041
42	21	49	70	9.201748	7.112404	42	-21	131	110	51.201748	-172.887596
134	23	113	99	6.388214	-59.776594	134	-23	67	81	52.388214	120.223406
52	6	73	77	24.012926	-8.237839	52	-6	107	103	36.012926	171.762161
111	12	51	70	2.097400	-8.381094	111	-12	129	110	26.097400	171.618906
47	49	40	106	5.944970	-17.671866	47	-49	140	74	103.944970	162.328134
127	49	78	79	1.299697	20.968672	127	-49	102	101	99.299697	-159.031328
54	13	48	69	22.483294	-3.770116	54	-13	132	111	48.483294	176.229884
114	19	72	67	21.060488	-33.239262	114	-19	108	113	59.060488	146.760738
136	17	66	69	21.586989	-18.201420	136	-17	114	111	55.586989	161.798580
52	12	95	69	16.003458	-179.240963	52	-12	85	111	40.003458	0.759037
129	20	65	111	16.170598	26.247509	129	-20	115	69	56.170598	-153.752491
70	22	40	48	9.677103	-10.093309	70	-22	140	132	53.677103	169.906691
110	39	50	38	6.010816	14.036116	110	-39	130	142	84.010816	-165.963884
79	9	78	75	27.202824	-8.616503	79	-9	102	105	45.202824	171.383497
101	54	55	35	-2.914213	7.797966	101	-54	125	145	105.085787	-172.202034
74	16	35	48	5.665618	0.990101	74	-16	145	132	37.665618	-179.009899
44	38	70	85	24.372410	24.992815	44	-38	110	95	100.372410	-155.007185
101	6	49	103	14.967187	-10.491740	101	-6	131	77	26.967187	169.508260
130	38	98	97	-5.884702	26.376398	130	-38	82	83	70.115298	-153.623602
66	40	96	107	10.692349	-5.717643	66	-40	84	73	90.692349	174.282357
55	6	97	77	24.621703	10.899555	55	-6	83	103	36.621703	-169.100445
73	15	110	107	27.684712	31.198927	73	-15	70	73	57.684712	-148.801073
44	9	74	70	15.926503	-8.797277	44	-9	106	110	33.926503	171.202723
110	54	100	73	-8.903853	-25.891963	110	-54	80	107	99.096147	154.108037
76	17	46	51	5.225670	7.330834	76	-17	134	129	39.225670	-172.669166
108	51	35	71	9.672175	-1.296383	108	-51	145	109	111.672175	178.703617
69	35	44	46	3.748385	8.094000	69	-35	136	134	73.748385	-171.906000
103	54	97	44	1.431823	18.753627	103	-54	83	136	109.431823	-161.246373
126	22	101	111	4.309308	9.973283	126	-22	79	69	48.309308	-170.026717
50	43	54	110	29.180731	-36.320667	50	-43	126	70	115.180731	143.679333
99	38	96	111	-8.012308	30.400514	99	-38	84	69	67.987692	-149.599486
80	43	109	102	5.900912	25.839661	80	-43	71	78	91.900912	-154.160339
49	10	68	83	13.044590	4.151602	49	-10	112	97	33.044590	-175.848398
44	37	108	112	16.185472	17.379083	44	-37	72	68	90.185472	-162.620917
108	47	76	77	12.410401	-16.001865	108	-47	104	103	106.410401	163.998135
66	22	113	41	10.039481	-0.599263	66	-22	67	139	54.039481	179.400737
125	17	75	73	23.306031	-22.252193	125	-17	105	107	57.306031	157.747807
48	17	114	115	10.171419	-14.049309	48	-17	66	65	44.171419	165.950691
66	40	54	48	9.065513	-4.478338	66	-40	126	132	89.065513	175.521662
49	46	113	96	-18.267577	-36.386695	49	-46	67	84	73.732423	143.613305
96	44	98	106	-17.287353	-17.619511	96	-44	82	74	70.712647	162.380489
140	6	100	112	13.523994	-32.375290	140	-6	80	68	25.523994	147.624710
96	6	95	68	10.700167	-14.422325	96	-6	85	112	22.700167	165.577675
55	25	55	37	5.147001	1.991746	55	-25	125	143	55.147001	-178.008254
130	23	43	107	22.202846	26.503056	130	-23	137	73	68.202846	-153.496944
133	15	38	97	16.307354	33.457794	133	-15	142	83	46.307354	-146.542206
82	20	80	66	12.529947	-8.028097	82	-20	100	114	52.529947	171.971903
84	15	42	50	7.266886	-11.538785	84	-15	138	130	37.266886	168.461215
85	54	70	74	3.194773	-21.088262	85	-54	110	106	111.194773	158.911738
52	54	102	80	11.456474	-21.401225	52	-54	78	100	119.456474	158.598775
126	10	110	101	14.751051	14.140311	126	-10	70	79	34.751051	-165.859689
81	43	107	97	31.232265	10.633014	81	-43	73	83	117.232265	-169.366986
95	20	78	41	5.661841	-3.044486	95	-20	102	139	45.661841	176.955514
105	19	53	41	1.934968	2.291763	105	-19	127	139	39.934968	-177.708237
54	43	78	40	9.728364	-6.433679	54	-43	102	140	95.728364	173.566321
115	52	41	41	2.527013	-2.398082	115	-52	139	139	106.527013	177.601918
106	25	95	105	-0.214903	-13.838501	106	-25	85	75	49.785097	166.161499
129	12	50	40	6.362239	4.812787	129	-12	130	140	30.362239	-175.187213
40	51	81	98	14.919733	-31.876270	40	-51	99	82	116.919733	148.123730
68	15	70	97	15.340131	5.893606	68	-15	110	83	45.340131	-174.106394
77	18	66	111	14.379869	3.179753	77	-18	114	69	50.379869	-176.820247
128	45	69	80	-7.106393	-4.692423	128	-45	111	100	82.893607	175.307577
80	41	36	37	6.628970	-2.921221	80	-41	144	143	88.628970	177.078779
71	43	112	66	6.478704	26.753401	71	-43	68	114	92.478704	-153.246599
77	17	106	105	7.850752	-30.349988	77	-17	74	75	41.850752	149.650012
72	40	83	81	4.487845	9.077977	72	-40	97	99	84.487845	-170.922023
36	13	43	108	10.339031	7.644852	36	-13	137	72	36.339031	-172.355148
98	38	35	73	18.145677	30.653470	98	-38	145	107	94.145677	-149.346530
85	42	50	111	4.632945	-24.521881	85	-42	130	69	88.632945	155.478119
42	25	41	98	11.197942	25.574371	42	-25	139	82	61.197942	-154.425629
132	20	39	44	6.587904	10.916576	132	-20	141	136	46.587904	-169.083424
126	55	49	49	-5.616977	-9.009312	126	-55	131	131	104.383023	170.990688
107	23	49	49	8.182191	-10.410138	107	-23	131	131	54.182191	169.589862
66	16	69	108	5.569260	7.390336	66	-16	111	72	37.569260	-172.609664
35	22	75	85	27.393675	-38.372387	35	-22	105	95	71.393675	141.627613
141	42	38	85	2.559187	34.361241	141	-42	142	95	86.559187	-145.638759
81	36	110	41	3.912213	23.105405	81	-36	70	139	75.912213	-156.894595
76	22	76	67	21.908678	-10.375584	76	-22	104	113	65.908678	169.624416
95	10	78	41	7.267122	8.515402	95	-10	102	139	27.267122	-171.484598
113	37	97	79	1.344682	-38.750245	113	-37	83	101	75.344682	141.249755
112	54	111	52	5.871586	-52.930964	112	-54	69	128	113.871586	127.069036
102	42	37	113	7.680421	24.165312	102	-42	143	67	91.680421	-155.834688
54	20	111	78	12.398373	2.033601	54	-20	69	102	52.398373	-177.966399
40	21	47	96	8.574956	-2.519037	40	-21	133	84	50.574956	177.480963
68	14	71	44	10.503968	1.076402	68	-14	109	136	38.503968	-178.923598
40	16	78	110	3.697938	-175.592853	40	-16	102	70	35.697938	4.407147
48	40	77	81	6.368700	-20.585710	48	-40	103	99	86.368700	159.414290
125	35	96	97	-0.671895	6.846329	125	-35	84	83	69.328105	-173.153671
135	36	101	43	7.435384	-125.740959	135	-36	79	137	79.435384	54.259041
68	22	79	108	21.484349	5.755297	68	-22	101	72	65.484349	-174.244703
136	50	108	40	-2.301786	-49.213326	136	-50	72	140	97.698214	130.786674
109	49	80	71	-2.130662	-30.658230	109	-49	100	109	95.869338	149.341770
47	39	108	49	-4.783343	43.603336	47	-39	72	131	73.216657	-136.396664
36	48	47	38	9.533960	8.431644	36	-48	133	142	105.533960	-171.568356
126	53	50	38	-4.593350	-0.185164	126	-53	130	142	101.406650	179.814836
40	35	72	97	4.795986	-3.407026	40	-35	108	83	74.795986	176.592974
135	8	72	96	17.599738	39.843218	135	-8	108	84	33.599738	-140.156782
135	19	114	74	8.465280	15.376289	135	-19	66	106	46.465280	-164.623711
85	23	113	38	4.287652	26.942149	85	-23	67	142	50.287652	-153.057851
114	36	73	81	19.604321	-0.996343	114	-36	107	99	91.604321	179.003657
125	47	43	39	-3.700450	6.521643	125	-47	137	141	90.299550	-173.478357
79	6	48	79	14.886331	-0.393051	79	-6	132	101	26.886331	179.606949
111	17	106	96	2.091654	-40.428631	111	-17	74	84	36.091654	139.571369
105	18	109	65	24.492129	24.434418	105	-18	71	115	60.492129	-155.565582
130	39	70	97	-0.851670	39.696796	130	-39	110	83	77.148330	-140.303204
53	40	111	48	-13.610290	-12.534403	53	-40	69	132	66.389710	167.465597
51	38	102	102	20.677133	-29.842712	51	-38	78	78	96.677133	150.157288
95	23	55	38	10.671708	6.216688	95	-23	125	142	56.671708	-173.783312
108	12	108	66	16.160903	10.299150	108	-12	72	114	40.160903	-169.700850
84	35	85	83	6.678297	17.811492	84	-35	95	97	76.678297	-162.188508
101	15	108	108	16.140573	32.179067	101	-15	72	72	46.140573	-147.820933
79	54	66	52	4.988057	-26.030700	79	-54	114	128	112.988057	153.969300
100	11	46	96	6.731670	-10.292524	100	-11	134	84	28.731670	169.707476
129	40	76	104	4.166914	17.295375	129	-40	104	76	84.166914	-162.704625
84	45	76	70	6.928443	-25.714948	84	-45	104	110	96.928443	154.285052
53	8	55	75	12.207704	-1.748534	53	-8	125	105	28.207704	178.251466
134	46	55	37	6.980410	3.716408	134	-46	125	143	98.980410	-176.283592
98	39	114	100	-12.374565	23.040261	98	-39	66	80	65.625435	-156.959739
142	17	71	75	9.224525	-40.202143	142	-17	109	105	43.224525	139.797857
49	38	73	49	-3.508270	-6.986409	49	-38	107	131	72.491730	173.013591
82	50	85	43	11.737731	17.119474	82	-50	95	137	111.737731	-162.880526
67	44	103	71	-0.436619	1.800142	67	-44	77	109	87.563381	-178.199858
45	38	102	105	9.885439	-22.674436	45	-38	78	75	85.885439	157.325564
96	9	84	111	7.658025	164.305449	96	-9	96	69	25.658025	-15.694551
50	5	79	69	21.429251	-168.445069	50	-5	101	111	31.429251	11.554931
44	9	42	38	5.495865	1.967114	44	-9	138	142	23.495865	-178.032886
83	16	99	111	12.583568	-24.353004	83	-16	81	69	44.583568	155.646996
75	46	84	95	15.638416	14.829101	75	-46	96	85	107.638416	-165.170899
138	43	36	66	-23.538729	-172.810008	138	-43	144	114	62.461271	7.189992
127	14	39	82	0.219879	133.358605	127	-14	141	98	28.219879	-46.641395
126	40	96	101	-7.862344	6.805114	126	-40	84	79	72.137656	-173.194886
138	37	43	67	8.111891	11.564219	138	-37	137	113	82.111891	-168.435781
95	14	51	49	4.375611	2.052198	95	-14	129	131	32.375611	-177.947802
115	51	40	71	2.649708	18.144778	115	-51	140	109	104.649708	-161.855222
40	41	45	110	21.564466	-56.586158	40	-41	135	70	103.564466	123.413842
98	17	35	100	6.603883	0.276596	98	-17	145	80	40.603883	-179.723404
96	16	98	37	17.989118	6.540414	96	-16	82	143	49.989118	-173.459586
114	18	85	80	8.843323	10.969282	114	-18	95	100	44.843323	-169.030718
70	24	113	41	7.410696	6.193150	70	-24	67	139	55.410696	-173.806850
77	52	96	106	-12.955722	4.899349	77	-52	84	74	91.044278	-175.100651
36	52	105	75	19.741582	36.926537	36	-52	75	105	123.741582	-143.073463
111	20	42	76	8.354578	-11.314026	111	-20	138	104	48.354578	168.685974
78	13	83	80	9.228520	17.586645	78	-13	97	100	35.228520	-162.413355
113	39	43	71	11.725477	19.857419	113	-39	137	109	89.725477	-160.142581
98	35	109	101	4.837547	7.977140	98	-35	71	79	74.837547	-172.022860
103	43	70	100	-4.439147	35.812210	103	-43	110	80	81.560853	-144.187790
97	46	55	77	-7.570906	0.182535	97	-46	125	103	84.429094	-179.817465
82	6	111	55	24.664454	16.160463	82	-6	69	125	36.664454	-163.839537
130	35	99	102	18.411733	40.042250	130	-35	81	78	88.411733	-139.957750
77	9	108	107	24.975328	6.066498	77	-9	72	73	42.975328	-173.933502
49	47	81	43	-12.984051	-9.721537	49	-47	99	137	81.015949	170.278463
68	51	53	102	-5.560634	17.075573	68	-51	127	78	96.439366	-162.924427
48	14	100	108	23.565747	28.813451	48	-14	80	72	51.565747	-151.186549
144	9	54	51	6.182309	14.633297	144	-9	126	129	24.182309	-165.366703
75	37	115	77	-9.037895	-70.778169	75	-37	65	103	64.962105	109.221831
100	53	95	96	3.119675	-62.527568	100	-53	85	84	109.119675	117.472432
126	50	98	36	-7.478675	-22.518308	126	-50	82	144	92.521325	157.481692
65	8	72	79	6.369109	3.975378	65	-8	108	101	22.369109	-176.024622
102	43	53	36	2.682116	-0.617464	102	-43	127	144	88.682116	179.382536
69	41	38	97	18.176945	-28.191678	69	-41	142	83	100.176945	151.808322
36	19	42	75	-0.301564	153.624149	36	-19	138	105	37.698436	-26.375851
50	8	45	53	17.856401	155.847560	50	-8	135	127	33.856401	-24.152440
76	23	50	76	5.839996	4.371308	76	-23	130	104	51.839996	-175.628692
35	43	84	65	10.992508	31.104779	35	-43	96	115	96.992508	-148.895221
