#delta	Selev	th1	th2	elevERR		phiERR		delta	ASelev	ASth1	ASth2	ASelERR		ASphiERR
133	15	38	97	8.467958	-70.225832	133	-15	142	83	38.467958	109.774168
108	13	71	54	5.789011	-3.792290	108	-13	109	126	31.789011	176.207710
84	15	42	50	8.460586	1.467455	84	-15	138	130	38.460586	-178.532545
138	43	36	66	-32.885810	-25.073943	138	-43	144	114	53.114190	154.926057
135	8	72	96	8.557666	143.129386	135	-8	108	84	24.557666	-36.870614
55	5	39	37	6.290032	-3.259836	55	-5	141	143	16.290032	176.740164
126	55	49	49	-0.860775	-6.567235	126	-55	131	131	109.139225	173.432765
130	35	99	102	4.315678	-13.057373	130	-35	81	78	74.315678	166.942627
106	15	106	35	1.301890	-26.181556	106	-15	74	145	31.301890	153.818444
129	41	84	50	1.736576	-20.007381	129	-41	96	130	83.736576	159.992619
127	49	78	79	0.849277	-38.617195	127	-49	102	101	98.849277	141.382805
52	12	95	69	30.186046	-177.129433	52	-12	85	111	54.186046	2.870567
79	54	66	52	7.368558	12.681085	79	-54	114	128	115.368558	-167.318915
74	16	35	48	3.430833	-3.729268	74	-16	145	132	35.430833	176.270732
75	37	115	77	9.805983	11.784944	75	-37	65	103	83.805983	-168.215056
136	18	69	81	-8.807245	122.465613	136	-18	111	99	27.192755	-57.534387
139	54	72	83	-11.218211	-42.229566	139	-54	108	97	96.781789	137.770434
85	54	70	74	4.245079	-48.222203	85	-54	110	106	112.245079	131.777797
42	21	49	70	21.292956	2.776520	42	-21	131	110	63.292956	-177.223480
135	36	101	43	2.192968	-5.290266	135	-36	79	137	74.192968	174.709734
96	9	84	111	11.307223	156.646712	96	-9	96	69	29.307223	-23.353288
140	8	66	73	10.432364	-38.356133	140	-8	114	107	26.432364	141.643867
51	35	49	37	2.054816	-5.892545	51	-35	131	143	72.054816	174.107455
125	49	81	96	-6.675945	2.157544	125	-49	99	84	91.324055	-177.842456
82	20	80	66	21.483738	21.123212	82	-20	100	114	61.483738	-158.876788
66	22	113	41	12.209872	6.357160	66	-22	67	139	56.209872	-173.642840
78	10	95	43	18.490815	6.446034	78	-10	85	137	38.490815	-173.553966
51	9	100	96	-0.003883	-167.409609	51	-9	80	84	17.996117	12.590391
53	40	111	48	-10.358531	-0.859978	53	-40	69	132	69.641469	179.140022
131	37	97	80	1.148256	-38.715829	131	-37	83	100	75.148256	141.284171
128	45	69	80	-9.384486	-16.794518	128	-45	111	100	80.615514	163.205482
106	10	80	78	9.344191	25.360184	106	-10	100	102	29.344191	-154.639816
81	36	110	41	6.576512	-10.140748	81	-36	70	139	78.576512	169.859252
40	16	78	110	25.520532	-3.255759	40	-16	102	70	57.520532	176.744241
105	19	53	41	3.807402	-8.994183	105	-19	127	139	41.807402	171.005817
102	43	53	36	2.512235	-1.574680	102	-43	127	144	88.512235	178.425320
141	42	38	85	-1.097122	27.576484	141	-42	142	95	82.902878	-152.423516
100	53	95	96	-8.233540	-29.032942	100	-53	85	84	97.766460	150.967058
50	5	79	69	8.319875	9.666042	50	-5	101	111	18.319875	-170.333958
139	35	100	37	2.859002	-22.612585	139	-35	80	143	72.859002	157.387415
73	37	55	46	2.768605	-2.690832	73	-37	125	134	76.768605	177.309168
84	45	76	70	6.048584	-6.373919	84	-45	104	110	96.048584	173.626081
35	22	75	85	-1.587454	18.723412	35	-22	105	95	42.412546	-161.276588
66	40	96	107	-2.619700	-12.182703	66	-40	84	73	77.380300	167.817297
136	35	67	69	5.635035	8.766539	136	-35	113	111	75.635035	-171.233461
84	35	85	83	0.038836	3.500958	84	-35	95	97	70.038836	-176.499042
69	43	78	37	1.952218	11.729531	69	-43	102	143	87.952218	-168.270469
110	39	50	38	9.519163	10.676973	110	-39	130	142	87.519163	-169.323027
100	11	46	96	7.950336	2.868667	100	-11	134	84	29.950336	-177.131333
140	6	100	112	16.944119	-0.672630	140	-6	80	68	28.944119	179.327370
35	43	84	65	-4.146756	1.117623	35	-43	96	115	81.853244	-178.882377
98	35	109	101	5.267185	21.929230	98	-35	71	79	75.267185	-158.070770
49	10	68	83	31.787125	-8.256480	49	-10	112	97	51.787125	171.743520
36	48	47	38	2.704928	-2.838586	36	-48	133	142	98.704928	177.161414
140	9	68	106	10.768571	10.590544	140	-9	112	74	28.768571	-169.409456
103	54	97	44	-3.655915	6.081807	103	-54	83	136	104.344085	-173.918193
68	14	71	44	21.117248	1.515978	68	-14	109	136	49.117248	-178.484022
112	19	112	68	2.999687	11.135226	112	-19	68	112	40.999687	-168.864774
111	17	106	96	13.965103	-15.054776	111	-17	74	84	47.965103	164.945224
96	16	98	37	6.148381	5.940548	96	-16	82	143	38.148381	-174.059452
51	38	102	102	-5.984503	-12.255542	51	-38	78	78	70.015497	167.744458
36	52	105	75	-4.079421	-22.672173	36	-52	75	105	99.920579	157.327827
103	43	70	100	3.688377	14.589754	103	-43	110	80	89.688377	-165.410246
129	40	76	104	-2.469010	21.980581	129	-40	104	76	77.530990	-158.019419
129	13	102	49	7.774485	6.903133	129	-13	78	131	33.774485	-173.096867
126	50	98	36	-9.425799	-79.567977	126	-50	82	144	90.574201	100.432023
136	15	38	40	-0.842429	7.596423	136	-15	142	140	29.157571	-172.403577
130	40	98	95	-3.410461	-7.253506	130	-40	82	85	76.589539	172.746494
66	7	46	53	11.531086	5.256744	66	-7	134	127	25.531086	-174.743256
131	17	99	51	8.026294	-3.550653	131	-17	81	129	42.026294	176.449347
140	36	49	41	3.855106	-12.989953	140	-36	131	139	75.855106	167.010047
144	9	54	51	10.185841	-1.765450	144	-9	126	129	28.185841	178.234550
76	22	76	67	15.360559	-14.448762	76	-22	104	113	59.360559	165.551238
49	47	81	43	-9.545438	12.988399	49	-47	99	137	84.454562	-167.011601
115	52	41	41	1.045258	10.875273	115	-52	139	139	105.045258	-169.124727
126	53	50	38	3.753403	-1.106230	126	-53	130	142	109.753403	178.893770
47	49	40	106	-6.076651	-36.909045	47	-49	140	74	91.923349	143.090955
53	8	55	75	6.933534	14.649187	53	-8	125	105	22.933534	-165.350813
105	24	79	84	-2.167608	27.337347	105	-24	101	96	45.832392	-152.662653
138	24	105	98	9.545887	34.829251	138	-24	75	82	57.545887	-145.170749
36	13	43	108	4.299098	-15.161608	36	-13	137	72	30.299098	164.838392
50	55	65	78	-5.734721	22.096466	50	-55	115	102	104.265279	-157.903534
136	50	108	40	-15.212384	20.637474	136	-50	72	140	84.787616	-159.362526
52	20	36	95	-0.974061	13.342696	52	-20	144	85	39.025939	-166.657304
40	41	45	110	11.317157	-24.823897	40	-41	135	70	93.317157	155.176103
107	23	49	49	6.436216	-2.392545	107	-23	131	131	52.436216	177.607455
50	15	104	55	31.912433	-149.452056	50	-15	76	125	61.912433	30.547944
49	46	113	96	-35.698916	11.997057	49	-46	67	84	56.301084	-168.002943
137	23	76	46	-2.305534	30.340890	137	-23	104	134	43.694466	-149.659110
74	36	96	68	5.142219	0.877536	74	-36	84	112	77.142219	-179.122464
44	9	74	70	25.833665	-11.717393	44	-9	106	110	43.833665	168.282607
101	54	55	35	-6.817260	4.262466	101	-54	125	145	101.182740	-175.737534
110	54	100	73	-4.852599	14.090706	110	-54	80	107	103.147401	-165.909294
82	6	111	55	34.042162	26.724437	82	-6	69	125	46.042162	-153.275563
66	16	69	108	12.795743	141.520744	66	-16	111	72	44.795743	-38.479256
76	23	50	76	8.063651	10.650878	76	-23	130	104	54.063651	-169.349122
127	14	39	82	5.344847	-16.269957	127	-14	141	98	33.344847	163.730043
134	53	78	40	-3.804353	3.049395	134	-53	102	140	102.195647	-176.950605
114	36	73	81	2.135147	-19.889137	114	-36	107	99	74.135147	160.110863
112	43	111	79	-6.290718	36.967342	112	-43	69	101	79.709282	-143.032658
81	43	107	97	3.790963	22.588575	81	-43	73	83	89.790963	-157.411425
44	9	42	38	1.509695	1.004836	44	-9	138	142	19.509695	-178.995164
50	15	97	113	-5.246499	177.478162	50	-15	83	67	24.753501	-2.521838
95	44	81	84	4.176620	17.946164	95	-44	99	96	92.176620	-162.053836
69	41	38	97	-6.997089	0.645339	69	-41	142	83	75.002911	-179.354661
42	25	83	98	7.574859	4.114015	42	-25	97	82	57.574859	-175.885985
95	14	51	49	1.358554	-9.535875	95	-14	129	131	29.358554	170.464125
101	8	35	46	2.553000	8.866493	101	-8	145	134	18.553000	-171.133507
72	43	95	96	-20.288927	-8.186163	72	-43	85	84	65.711073	171.813837
114	48	102	41	-0.298773	-2.886042	114	-48	78	139	95.701227	177.113958
77	17	106	105	3.222482	-16.830996	77	-17	74	75	37.222482	163.169004
111	20	42	76	9.055725	-20.919056	111	-20	138	104	49.055725	159.080944
96	44	98	106	-13.284230	5.645697	96	-44	82	74	74.715770	-174.354303
40	51	81	98	-9.582532	-40.022332	40	-51	99	82	92.417468	139.977668
101	35	48	36	-1.189818	-5.009433	101	-35	132	144	68.810182	174.990567
71	13	111	114	5.208476	13.907531	71	-13	69	66	31.208476	-166.092469
95	20	78	41	7.103403	6.325685	95	-20	102	139	47.103403	-173.674315
49	10	38	36	-0.546807	0.992111	49	-10	142	144	19.453193	-179.007889
126	9	40	71	6.846091	-1.940338	126	-9	140	109	24.846091	178.059662
69	35	44	46	-2.310214	0.345473	69	-35	136	134	67.689786	-179.654527
108	12	108	66	11.562942	21.018496	108	-12	72	114	35.562942	-158.981504
52	9	73	54	8.837301	5.372314	52	-9	107	126	26.837301	-174.627686
95	10	78	41	4.178912	8.692045	95	-10	102	139	24.178912	-171.307955
50	8	45	53	2.069142	-2.613147	50	-8	135	127	18.069142	177.386853
132	20	37	37	2.298827	12.178618	132	-20	143	143	42.298827	-167.821382
54	49	77	66	-16.043453	19.671760	54	-49	103	114	81.956547	-160.328240
68	51	53	102	-17.678074	-11.569896	68	-51	127	78	84.321926	168.430104
79	6	48	79	14.063082	-0.939376	79	-6	132	101	26.063082	179.060624
113	37	97	79	0.081887	13.790233	113	-37	83	101	74.081887	-166.209767
36	19	42	75	21.659844	12.372022	36	-19	138	105	59.659844	-167.627978
35	50	41	52	-5.673706	-15.553220	35	-50	139	128	94.326294	164.446780
126	40	96	101	-8.795347	0.864510	126	-40	84	79	71.204653	-179.135490
52	54	102	80	-30.588214	-27.758134	52	-54	78	100	77.411786	152.241866
109	49	80	71	-7.636245	22.916875	109	-49	100	109	90.363755	-157.083125
114	18	85	80	1.420326	-20.832083	114	-18	95	100	37.420326	159.167917
113	39	43	71	0.435996	18.859563	113	-39	137	109	78.435996	-161.140437
125	17	75	73	23.777326	-57.432714	125	-17	105	107	57.777326	122.567286
38	49	96	97	-1.548686	-44.381681	38	-49	84	83	96.451314	135.618319
70	22	40	48	5.056995	0.995476	70	-22	140	132	49.056995	-179.004524
126	10	110	101	21.321570	-27.716242	126	-10	70	79	41.321570	152.283758
112	54	111	52	-12.497550	22.822784	112	-54	69	128	95.502450	-157.177216
67	41	43	36	3.543890	-0.156615	67	-41	137	144	85.543890	179.843385
83	16	99	111	20.300554	-2.184905	83	-16	81	69	52.300554	177.815095
54	13	48	69	25.849091	0.727047	54	-13	132	111	51.849091	-179.272953
70	24	113	41	10.049281	-167.813314	70	-24	67	139	58.049281	12.186686
44	37	108	112	5.843342	10.623068	44	-37	72	68	79.843342	-169.376932
98	39	114	100	-0.361299	7.079055	98	-39	66	80	77.638701	-172.920945
134	23	113	99	8.329535	-21.861186	134	-23	67	81	54.329535	158.138814
75	46	45	73	0.047569	-2.255948	75	-46	135	107	92.047569	177.744052
67	24	42	66	10.103705	8.906230	67	-24	138	114	58.103705	-171.093770
40	35	72	97	-12.087036	-9.684880	40	-35	108	83	57.912964	170.315120
97	46	55	77	-28.463515	-16.027293	97	-46	125	103	63.536485	163.972707
101	6	49	103	6.787348	-9.822544	101	-6	131	77	18.787348	170.177456
73	15	110	107	-0.018291	-0.764430	73	-15	70	73	29.981709	179.235570
54	43	78	40	-6.429476	0.890078	54	-43	102	140	79.570524	-179.109922
101	16	110	106	11.523056	-8.029349	101	-16	70	74	43.523056	171.970651
130	23	43	107	-1.359981	-10.987287	130	-23	137	73	44.640019	169.012713
55	25	55	37	1.211445	5.259926	55	-25	125	143	51.211445	-174.740074
71	43	112	66	-0.712387	9.517620	71	-43	68	114	85.287613	-170.482380
40	21	47	96	-4.986211	-149.439643	40	-21	133	84	37.013789	30.560357
48	17	114	115	0.182418	-5.956425	48	-17	66	65	34.182418	174.043575
66	40	54	48	0.030952	-8.707147	66	-40	126	132	80.030952	171.292853
65	55	73	66	-8.315368	0.127495	65	-55	107	114	101.684632	-179.872505
136	17	66	69	13.980938	-100.293553	136	-17	114	111	47.980938	79.706447
42	25	41	98	2.988259	70.962533	42	-25	139	82	52.988259	-109.037467
49	38	73	49	-7.070085	40.358929	49	-38	107	131	68.929915	-139.641071
106	25	95	105	0.155955	-45.955446	106	-25	85	75	50.155955	134.044554
47	39	108	49	-4.131457	7.897932	47	-39	72	131	73.868543	-172.102068
78	13	83	80	18.476590	22.035881	78	-13	97	100	44.476590	-157.964119
48	14	100	108	1.868804	-1.891876	48	-14	80	72	29.868804	178.108124
129	20	65	111	-4.838699	-52.012019	129	-20	115	69	35.161301	127.987981
36	38	76	95	-3.296895	13.388501	36	-38	104	85	72.703105	-166.611499
108	51	35	71	-2.563346	-4.036836	108	-51	145	109	99.436654	175.963164
47	49	38	42	7.196370	-2.781346	47	-49	142	138	105.196370	177.218654
98	23	112	97	9.848585	3.630777	98	-23	68	83	55.848585	-176.369223
77	52	96	106	-5.824296	8.236018	77	-52	84	74	98.175704	-171.763982
102	42	37	113	-8.207412	-19.119465	102	-42	143	67	75.792588	160.880535
43	55	38	47	-3.855709	-1.075125	43	-55	142	133	106.144291	178.924875
135	17	44	70	6.289394	-22.016648	135	-17	136	110	40.289394	157.983352
67	44	103	71	-18.029874	-5.214093	67	-44	77	109	69.970126	174.785907
105	47	105	71	-7.969364	-22.066947	105	-47	75	109	86.030636	157.933053
145	21	78	51	-2.993796	27.780671	145	-21	102	129	39.006204	-152.219329
85	23	113	38	3.734255	-1.234852	85	-23	67	142	49.734255	178.765148
76	17	46	51	8.060663	-0.306479	76	-17	134	129	42.060663	179.693521
99	38	96	111	-6.008412	-26.162874	99	-38	84	69	69.991588	153.837126
79	9	78	75	13.033492	-11.509789	79	-9	102	105	31.033492	168.490211
84	25	46	79	9.211603	24.887002	84	-25	134	101	59.211603	-155.112998
114	19	72	67	14.865888	-8.931346	114	-19	108	113	52.865888	171.068654
85	42	50	111	2.904572	-7.697378	85	-42	130	69	86.904572	172.302622
140	38	67	80	6.271022	-31.830983	140	-38	113	100	82.271022	148.169017
77	18	66	111	14.646670	160.812519	77	-18	114	69	50.646670	-19.187481
75	46	84	95	-18.139418	17.671566	75	-46	96	85	73.860582	-162.328434
125	38	113	50	0.788493	-43.698819	125	-38	67	130	76.788493	136.301181
114	51	83	79	-7.245672	44.918037	114	-51	97	101	94.754328	-135.081963
77	9	108	107	13.301394	27.498607	77	-9	72	73	31.301394	-152.501393
130	38	98	97	-1.633809	-30.601170	130	-38	82	83	74.366191	149.398830
108	47	76	77	-6.665980	-4.826493	108	-47	104	103	87.334020	175.173507
125	37	95	71	5.012604	-1.274138	125	-37	85	109	79.012604	178.725862
68	15	70	97	-6.755527	172.572924	68	-15	110	83	23.244473	-7.427076
54	20	111	78	-9.102539	24.678937	54	-20	69	102	30.897461	-155.321063
105	18	109	65	28.472573	-45.847850	105	-18	71	115	64.472573	134.152150
80	43	109	102	-0.432446	14.324461	80	-43	71	78	85.567554	-165.675539
142	17	71	75	15.167368	-13.663935	142	-17	109	105	49.167368	166.336065
95	23	55	38	18.806035	27.060579	95	-23	125	142	64.806035	-152.939421
130	39	70	97	6.760623	63.953649	130	-39	110	83	84.760623	-116.046351
41	52	54	67	5.392460	-36.832479	41	-52	126	113	109.392460	143.167521
69	6	74	115	39.098298	157.929674	69	-6	106	65	51.098298	-22.070326
129	12	50	40	1.743650	-2.491078	129	-12	130	140	25.743650	177.508922
135	19	114	74	1.928481	17.369546	135	-19	66	106	39.928481	-162.630454
65	8	72	79	31.329168	19.297743	65	-8	108	101	47.329168	-160.702257
72	40	83	81	9.279220	3.115845	72	-40	97	99	89.279220	-176.884155
50	45	49	70	13.284147	23.445009	50	-45	131	110	103.284147	-156.554991
125	35	96	97	5.608206	29.889573	125	-35	84	83	75.608206	-150.110427
108	20	81	74	9.202490	-3.750835	108	-20	99	106	49.202490	176.249165
138	37	43	67	6.278795	23.673279	138	-37	137	113	80.278795	-156.326721
48	40	77	81	10.889462	8.554690	48	-40	103	99	90.889462	-171.445310
134	10	65	102	9.946981	132.142367	134	-10	115	78	29.946981	-47.857633
52	6	73	77	22.905331	-10.899800	52	-6	107	103	34.905331	169.100200
45	38	102	105	-16.679255	6.996130	45	-38	78	75	59.320745	-173.003870
82	50	85	43	5.629259	9.044753	82	-50	95	137	105.629259	-170.955247
55	6	97	77	15.701972	27.647577	55	-6	83	103	27.701972	-152.352423
115	51	40	71	-3.592145	29.506236	115	-51	140	109	98.407855	-150.493764
128	11	45	95	7.623234	-23.417930	128	-11	135	85	29.623234	156.582070
48	18	105	108	-13.334238	175.378591	48	-18	75	72	22.665762	-4.621409
98	17	35	100	11.957762	-21.036058	98	-17	145	80	45.957762	158.963942
80	41	36	37	7.831052	3.698769	80	-41	144	143	89.831052	-176.301231
44	38	70	85	-24.316043	-5.826004	44	-38	110	95	51.683957	174.173996
96	42	102	36	-0.252834	-0.216624	96	-42	78	144	83.747166	179.783376
98	38	35	73	2.967349	-11.075428	98	-38	145	107	78.967349	168.924572
132	20	39	44	5.470263	7.503262	132	-20	141	136	45.470263	-172.496738
134	46	55	37	-3.488436	-17.854930	134	-46	125	143	88.511564	162.145070
50	43	54	110	22.262263	-17.831327	50	-43	126	70	108.262263	162.168673
125	47	43	39	-4.461019	-5.668752	125	-47	137	141	89.538981	174.331248
111	12	51	70	4.968179	151.304051	111	-12	129	110	28.968179	-28.695949
66	50	110	43	-5.473441	22.232090	66	-50	70	137	94.526559	-157.767910
68	22	79	108	2.744422	-14.411009	68	-22	101	72	46.744422	165.588991
81	44	36	79	0.609534	23.376823	81	-44	144	101	88.609534	-156.623177
101	15	108	108	18.264712	-39.040957	101	-15	72	72	48.264712	140.959043
96	6	95	68	12.768674	-10.149182	96	-6	85	112	24.768674	169.850818
126	22	101	111	8.290949	23.936279	126	-22	79	69	52.290949	-156.063721
